{
  "source": {
    "ct_to_mr_icp": "/data/zsr/project/mrct/outputs/sxh_ct3_mrcp006_gallbladder_icp/ct_to_mr_icp_transform.txt",
    "ct_xray_pose": "/data/zsr/project/diffpose/ours/case/sxh/runs/mask/sxh_xray031_se3_log_map.csv",
    "trusted_guidewire_result": "/data/zsr/project/diffpose/ours/xmr/case/sxh/outputs/guidewire_registration/xray031/result.json",
    "mrcp": "/data/zsr/project/mrct/data/\u5b59\u65b0\u534e/MRCP/501.nii",
    "bile_duct": "/data/zsr/project/mrct/data-duet/bile_duct/mrcp_006.nii.gz"
  },
  "validation": {
    "drr_pose_chain_max_abs_error": 2.842170943040401e-14,
    "baseline_bile_duct_dice_against_legacy_resampling": 1.0,
    "visualizations": {
      "xray": "/data/zsr/project/diffpose/ours/xmr/case/sxh/runs/refined_ct_mrcp_guidewire_xray031/sxh_xray031_xray.png",
      "refined_bile_overlay": "/data/zsr/project/diffpose/ours/xmr/case/sxh/runs/refined_ct_mrcp_guidewire_xray031/sxh_xray031_refined_bile_overlay.png"
    }
  },
  "guidewire_refinement": {
    "rotation_degrees": 4.512503612048546,
    "translation_mm": [
      -89.9209124994604,
      53.45389853500308,
      40.79038042796492
    ],
    "drr_delta": [
      [
        0.9974715987799918,
        0.004037861679910042,
        -0.07095142916348149,
        17.615289641550675
      ],
      [
        -0.0016358183306725358,
        0.9994245590722501,
        0.03388030138040546,
        -18.79739717616613
      ],
      [
        0.07104740477790626,
        -0.03367857473664796,
        0.9969042180059386,
        -47.187668281941825
      ],
      [
        0.0,
        0.0,
        0.0,
        1.0
      ]
    ],
    "ct_world_delta": [
      [
        0.9974715987799919,
        0.004037861679910042,
        -0.07095142916348147,
        -89.9209124994604
      ],
      [
        -0.001635818330672536,
        0.9994245590722501,
        0.03388030138040545,
        53.45389853500308
      ],
      [
        0.07104740477790628,
        -0.03367857473664797,
        0.9969042180059386,
        40.79038042796492
      ],
      [
        0.0,
        0.0,
        0.0,
        1.0
      ]
    ]
  },
  "transforms": {
    "ct_to_mr_original": [
      [
        0.9830270834,
        0.0803288663,
        -0.164939463,
        -195.8773586044
      ],
      [
        -0.0979657805,
        0.9899766066,
        -0.1017301541,
        -272.3488822063
      ],
      [
        0.155114342,
        0.1161619199,
        0.9810432963,
        1117.4375769649
      ],
      [
        0.0,
        0.0,
        0.0,
        1.0
      ]
    ],
    "mr_to_ct_original": [
      [
        0.9830270834720555,
        -0.0979657804784604,
        0.15511434193746548,
        -7.458716667789573
      ],
      [
        0.08032886631655332,
        0.989976606585747,
        0.11616191991404794,
        155.54993404344214
      ],
      [
        -0.16493946308582325,
        -0.10173015408805716,
        0.9810432963651873,
        -1156.2686440994091
      ],
      [
        0.0,
        0.0,
        0.0,
        1.0
      ]
    ],
    "ct_to_mr_refined": [
      [
        0.9925686439993612,
        0.0730863893441157,
        -0.09729268500556489,
        -106.56282722368033
      ],
      [
        -0.08650279527485108,
        0.9861205394821853,
        -0.14171643531516243,
        -327.0586124425312
      ],
      [
        0.08558477252973755,
        0.14907937923892015,
        0.9851145036699481,
        1076.9813684255312
      ],
      [
        0.0,
        0.0,
        0.0,
        1.0
      ]
    ],
    "mr_to_ct_refined": [
      [
        0.9925686440773904,
        -0.0865027952542708,
        0.08558477246279281,
        -14.693768625166896
      ],
      [
        0.07308638935763392,
        0.9861205394683096,
        0.14907937925527084,
        169.75179374673553
      ],
      [
        -0.09729268508656047,
        -0.14171643530124617,
        0.9851145037300172,
        -1117.6673305639265
      ],
      [
        0.0,
        0.0,
        0.0,
        1.0
      ]
    ]
  }
}