alpha,beta,gamma,bx,by,bz,ncc,geo_r,geo_t,geo_d,geo_se3,fiducial,tre,time,idx,parameterization,ssim,alpha2,beta2,gamma2,bx2,by2,bz2
-0.8894347548484802,0.1414420753717422,1.8836536407470703,236.33819580078125,17.80670166015625,109.3490753173828,-0.0075900256633758,36.12788772583008,14.197484970092772,38.81743240356445,14.200387001037598,10.905399322509766,18.17135429382324,0.1478032483719289,22,se3_log_map,0.6237725615501404,1.8001587390899658,-0.7467589974403381,-0.733640730381012,232.1506500244141,173.64794921875,-59.55390548706055
-0.8996384739875793,0.1408486664295196,1.878484845161438,242.94119262695312,20.05411529541016,110.85324096679688,0.6655317544937134,40.20047378540039,8.45167064666748,41.07929992675781,8.453207015991211,20.59078025817871,17.10120964050293,0.1585842310450971,22,se3_log_map,0.6425536870956421,1.7926586866378784,-0.7542591691017151,-0.7411408424377441,237.15061950683597,178.64797973632812,-64.55389404296875
-0.8980655074119568,0.1390715390443802,1.875736713409424,242.1250915527344,20.160064697265625,111.01512908935548,1.2867703437805176,38.93388748168945,8.800905227661133,39.91620635986328,8.802485466003418,19.45461845397949,16.968175888061523,0.1529632378369569,22,se3_log_map,0.6417663097381592,1.7898838520050049,-0.7524983286857605,-0.739184558391571,236.5261383056641,178.39637756347656,-63.62870788574219
-0.8921620845794678,0.1377696245908737,1.8754234313964844,238.14254760742188,19.102333068847656,110.05148315429688,2.2596869468688965,35.895755767822266,12.25805377960205,37.931060791015625,12.260279655456545,14.004136085510254,17.55197525024414,0.1586719988845288,22,se3_log_map,0.6322432160377502,1.7905986309051514,-0.7475581765174866,-0.7341734766960144,233.41407775878903,175.3587188720703,-60.58600616455078
-0.8845495581626892,0.1375962495803833,1.8779767751693728,233.2125244140625,17.505638122558594,108.8813934326172,3.194384813308716,32.49872589111328,17.04778289794922,36.69869613647461,17.050579071044922,10.557802200317385,18.54319190979004,0.155528109986335,22,se3_log_map,0.6030195951461792,1.794769525527954,-0.7417076230049133,-0.728334367275238,229.63140869140625,171.5867462158203,-56.853492736816406
-0.8847030997276306,0.1403689682483673,1.8827292919158936,233.4314117431641,16.948272705078125,109.93183135986328,4.1806488037109375,33.59901809692383,16.40134048461914,37.38847351074219,16.4044132232666,8.199520111083984,18.54027366638184,0.1547058969736099,22,se3_log_map,0.6086751222610474,1.800105094909668,-0.7424697279930115,-0.729775071144104,230.23806762695312,172.58563232421875,-56.28983688354492
-0.8872024416923523,0.1439150720834732,1.887983798980713,235.72010803222656,17.089942932128906,111.14179229736328,4.957657337188721,36.17555236816406,13.825177192687988,38.72732925415039,13.828314781188965,7.375389099121094,18.06438636779785,0.155598587822169,22,se3_log_map,0.6118605732917786,1.8055975437164309,-0.745250403881073,-0.7333479523658752,232.32569885253903,174.91238403320312,-57.59956359863281
-0.8855540156364441,0.1465172320604324,1.8928039073944087,234.8871612548828,16.147727966308594,111.59831237792967,5.960297107696533,36.8087272644043,14.52176284790039,39.56973648071289,14.525219917297363,5.187106609344482,18.292818069458008,0.1589647461660206,22,se3_log_map,0.5994961261749268,1.81137490272522,-0.7444559931755066,-0.7334470152854919,232.0637664794922,174.74940490722656,-56.35680770874024
-0.8815498352050781,0.1486553102731704,1.8976746797561648,232.6123809814453,14.846405029296877,111.48265075683594,6.756561279296875,36.56250762939453,16.893184661865234,40.27650451660156,16.89708709716797,4.2616143226623535,18.788461685180664,0.1541650672443211,22,se3_log_map,0.5967720746994019,1.817604780197144,-0.7417099475860596,-0.7315802574157715,230.59982299804688,173.2960205078125,-54.16107177734375
-0.8817699551582336,0.1489680707454681,1.8972947597503664,233.32327270507807,15.06281280517578,111.37639617919922,7.7589287757873535,36.60625076293945,16.25130844116211,40.0515022277832,16.255098342895508,4.1044020652771,18.54274177551269,0.155425006058067,22,se3_log_map,0.5954324007034302,1.8173274993896484,-0.7415465116500854,-0.7321087121963501,231.0782165527344,173.5695343017578,-54.7465934753418
-0.8836400508880615,0.1494455486536026,1.8964874744415283,235.20928955078125,15.637741088867188,111.68619537353516,8.487954139709473,37.28414916992188,14.33115577697754,39.94358444213867,14.334660530090332,4.600064754486084,18.045684814453125,0.1553028477355837,22,se3_log_map,0.5987913608551025,1.8163148164749143,-0.7426543235778809,-0.7339738607406616,232.50254821777344,174.86256408691406,-56.11995315551758
-0.8825559020042419,0.1492274403572082,1.895585894584656,235.2045135498047,15.76971435546875,111.3186492919922,9.465351104736328,36.55091857910156,14.464757919311523,39.30901718139648,14.46815586090088,4.521569728851318,17.88280487060547,0.1563192079775035,22,se3_log_map,0.5922189354896545,1.8156893253326416,-0.7413083910942078,-0.7332903146743774,232.3606109619141,174.53488159179688,-56.2242431640625
-0.8797966837882996,0.1485575735569,1.894613981246948,234.14895629882807,15.671844482421877,110.4681167602539,10.34147834777832,35.00019454956055,15.781618118286133,38.39366149902344,15.785015106201172,4.631362438201904,17.913490295410156,0.1601387849077582,22,se3_log_map,0.594109058380127,1.8152437210083008,-0.7386012673377991,-0.7311108112335205,231.3190460205078,173.20477294921875,-55.70504379272461
-0.8796700239181519,0.1479153335094452,1.8929730653762815,234.8383636474609,16.069786071777344,110.21846771240234,11.289730072021484,34.43701171875,15.23190689086914,37.65526580810547,15.235065460205078,5.190209865570068,17.56760025024414,0.1543201659806072,22,se3_log_map,0.596002995967865,1.8135461807250977,-0.7380717992782593,-0.7308443784713745,231.70887756347656,173.3250732421875,-56.357521057128906
-0.8803951144218445,0.148237943649292,1.892387866973877,236.2915802001953,16.512435913085938,110.28496551513672,12.048870086669922,34.665653228759766,13.90707302093506,37.35123062133789,13.909977912902832,5.848354339599609,17.08834457397461,0.1566731198690831,22,se3_log_map,0.597362220287323,1.8129619359970093,-0.7382840514183044,-0.7317630648612976,232.7792205810547,174.12152099609375,-57.43062210083008
-0.8788132071495056,0.14938685297966,1.894073486328125,236.14405822753903,16.10913848876953,110.35369110107422,13.047846794128418,34.57368469238281,14.079916954040527,37.33073806762695,14.08285903930664,5.020225524902344,16.984560012817383,0.1601252807304263,22,se3_log_map,0.5957843065261841,1.8153204917907717,-0.7368952035903931,-0.7313687801361084,232.82855224609372,173.9589385986328,-56.91818237304688
-0.876078188419342,0.1507977992296219,1.896963715553284,235.13052368164065,15.279014587402344,110.52618408203124,13.841601371765137,34.40630340576172,15.03429126739502,37.5476188659668,15.037419319152832,3.971609115600586,17.068580627441406,0.1551285563036799,22,se3_log_map,0.5930269956588745,1.8191514015197756,-0.7348261475563049,-0.7301685214042664,232.3450469970703,173.37677001953125,-55.51984024047852
-0.8755270838737488,0.152641624212265,1.8994665145874023,235.7181396484375,14.938194274902344,111.123291015625,14.780920028686523,35.20655059814453,14.362922668457031,38.02360916137695,14.366049766540527,3.67105484008789,16.83767318725586,0.1552568939514458,22,se3_log_map,0.5955976247787476,1.822253942489624,-0.7343961000442505,-0.7308973670005798,233.10411071777344,174.07540893554688,-55.29294204711914
-0.8750267028808594,0.1537634879350662,1.900401592254639,236.55499267578125,14.9381103515625,111.42412567138672,15.4873685836792,35.48369598388672,13.53602695465088,37.97784423828125,13.53903579711914,3.8643181324005127,16.49408531188965,0.1566610368900001,22,se3_log_map,0.5992794036865234,1.8236503601074217,-0.733690619468689,-0.7313805222511292,233.876220703125,174.69735717773438,-55.519081115722656
-0.8730387687683105,0.1527609080076217,1.8983116149902344,236.6664276123047,15.47955322265625,110.34088897705078,16.630416870117188,33.89719772338867,13.836243629455566,36.6123161315918,13.839049339294434,3.750422477722168,16.16707420349121,0.1554185920394957,22,se3_log_map,0.5944615602493286,1.821869254112244,-0.7313761115074158,-0.7296693921089172,233.51840209960935,173.8446807861328,-56.25480651855469
-0.8712388277053833,0.1515000164508819,1.8955718278884888,237.15460205078125,16.274085998535156,109.0127410888672,17.371118545532227,32.162532806396484,14.04581356048584,35.09577560424805,14.048354148864746,5.157899379730225,15.748732566833496,0.1563571547158062,22,se3_log_map,0.5937378406524658,1.8193539381027224,-0.7290906310081482,-0.7279990911483765,233.3277130126953,172.99905395507812,-57.51108932495117
-0.8712867498397827,0.1510491371154785,1.8936909437179563,238.7644500732422,17.134445190429688,108.30451965332033,18.17385673522949,31.59048080444336,13.223062515258787,34.24628448486328,13.225279808044434,7.048099994659424,15.200448036193848,0.1572370030917227,22,se3_log_map,0.6067968606948853,1.8174697160720823,-0.7285013794898987,-0.7280745506286621,234.19879150390625,173.2477264404297,-59.29740524291992
-0.8701077699661255,0.1509466469287872,1.892918825149536,239.2601776123047,17.3948974609375,107.69485473632812,18.991046905517575,30.881362915039062,13.31778621673584,33.630672454833984,13.319867134094238,7.903439998626709,14.932639122009276,0.1552377552725374,22,se3_log_map,0.6096389293670654,1.817020893096924,-0.7270634174346924,-0.7273968458175659,234.3898468017578,172.9063262939453,-59.91126251220703
-0.8680174946784973,0.151510551571846,1.893732070922852,238.8125,16.99724578857422,107.34634399414062,19.768449783325195,30.35907745361328,13.92935276031494,33.402103424072266,13.931479454040527,7.408439636230469,14.923198699951172,0.1584648750722408,22,se3_log_map,0.6011649966239929,1.818480849266052,-0.7251129150390625,-0.7263508439064026,234.1007080078125,172.18270874023438,-59.37100982666016
-0.8679876327514648,0.1529089659452438,1.8954391479492188,239.5655059814453,16.712669372558594,107.58026123046876,20.8840389251709,31.107959747314453,13.343856811523438,33.8491325378418,13.34603214263916,6.893306255340576,14.806662559509276,0.1589137492701411,22,se3_log_map,0.6030356884002686,1.8205628395080569,-0.7250553965568542,-0.727209210395813,234.90272521972656,172.57615661621094,-59.49478912353516
-0.8677694797515869,0.1549983918666839,1.8979099988937376,240.0698089599609,16.121414184570312,108.08489227294922,21.77678108215332,32.176658630371094,12.794519424438477,34.62711715698242,12.79676914215088,5.763478755950928,14.822273254394531,0.1564770760014653,22,se3_log_map,0.5986065864562988,1.823642015457153,-0.7247670292854309,-0.7284010648727417,235.65892028808597,173.04946899414062,-59.1033821105957
-0.8663745522499084,0.1571622490882873,1.9011274576187132,239.51931762695312,15.078376770019531,108.63775634765624,22.84435272216797,33.097599029541016,13.02708339691162,35.569034576416016,13.029590606689451,3.874328851699829,15.02765655517578,0.158906533382833,22,se3_log_map,0.5916323065757751,1.8277071714401243,-0.7236661314964294,-0.728718638420105,235.7154998779297,172.96920776367188,-57.69873046875
-0.865082859992981,0.1590728312730789,1.903735637664795,239.21424865722656,14.165969848632812,109.15579223632812,23.531814575195312,33.8930778503418,13.19733715057373,36.3718376159668,13.200018882751465,3.2141129970550537,15.150382995605469,0.1597954030148685,22,se3_log_map,0.5904796719551086,1.831096887588501,-0.7225228548049927,-0.7290230393409729,235.9291076660156,172.98361206054688,-56.49713134765625
-0.8649372458457947,0.160095676779747,1.9045660495758057,239.9733123779297,13.976676940917969,109.42268371582033,24.328399658203125,34.3535041809082,12.631525993347168,36.602169036865234,12.63419246673584,3.3711535930633545,15.037449836730955,0.1560607003048062,22,se3_log_map,0.5944931507110596,1.832267165184021,-0.7221626043319702,-0.7296793460845947,236.7142639160156,173.43548583984375,-56.57717514038086
-0.8637743592262268,0.1600590646266937,1.9037586450576784,240.44915771484372,14.210617065429688,108.9086456298828,25.35976791381836,33.68909454345703,12.612885475158691,35.9727668762207,12.61542510986328,3.3022689819335938,14.84170627593994,0.1571334367617964,22,se3_log_map,0.5889841318130493,1.8318017721176147,-0.7206737995147705,-0.7290830016136169,236.91798400878903,173.169189453125,-57.08853530883789
-0.8619210124015808,0.1594214588403701,1.9020520448684688,240.67691040039065,14.675094604492188,107.97412109375,26.315818786621094,32.35844802856445,12.999005317687988,34.8718147277832,13.001384735107422,3.560433149337769,14.603014945983888,0.1566780493594706,22,se3_log_map,0.5914490222930908,1.830462098121643,-0.7184533476829529,-0.7276926636695862,236.7272186279297,172.48536682128906,-57.76766586303711
-0.8613671660423279,0.1594465225934982,1.900525450706482,241.71923828125,15.084739685058594,107.79109191894533,27.251001358032227,31.70358085632324,12.477805137634276,34.07070541381836,12.479936599731444,4.187259197235107,14.302075386047363,0.1592731419950723,22,se3_log_map,0.5885121822357178,1.8292210102081297,-0.717168927192688,-0.7277196049690247,237.4170684814453,172.83895874023438,-58.49007415771485
-0.8597961664199829,0.159260019659996,1.8990364074707031,241.9913024902344,15.295997619628906,107.39518737792967,28.13365364074707,30.666051864624023,12.608893394470217,33.157066345214844,12.6108980178833,4.5130615234375,14.08393383026123,0.1579263797029853,22,se3_log_map,0.5941806435585022,1.828176498413086,-0.7150554656982422,-0.7268763780593872,237.4874267578125,172.5957489013672,-58.67422866821289
-0.8579948544502258,0.1591860055923462,1.8979625701904297,242.15000915527344,15.486213684082031,106.83075714111328,28.84565544128418,29.716053009033203,12.957964897155762,32.418399810791016,12.959878921508787,4.94472599029541,13.933316230773926,0.1567487949505448,22,se3_log_map,0.5957372188568115,1.827602863311768,-0.7128539085388184,-0.7258865833282471,237.427978515625,172.14891052246094,-58.90812301635742
-0.8578477501869202,0.1603264212608337,1.8983200788497925,242.98439025878903,15.342201232910156,107.36029052734376,29.84014129638672,30.091873168945312,12.219866752624512,32.4783935546875,12.221724510192873,4.541450500488281,13.82501220703125,0.1717318380251526,22,se3_log_map,0.5958415269851685,1.8283854722976685,-0.7121866345405579,-0.7267633676528931,238.30712890625,172.92543029785156,-58.82927703857422
-0.8564277291297913,0.1612995266914367,1.8989795446395876,242.88682556152344,14.921951293945312,107.70750427246094,30.828388214111328,30.10947608947754,12.109813690185549,32.4534797668457,12.111672401428224,3.519860982894897,13.779380798339844,0.1582748568616807,22,se3_log_map,0.5931832194328308,1.8296794891357424,-0.7105432152748108,-0.7265834212303162,238.46788024902344,173.034912109375,-58.042755126953125
-0.8544149398803711,0.1619141697883606,1.8993346691131592,242.49655151367188,14.586418151855469,107.72078704833984,31.550485610961918,29.77164649963379,12.3820219039917,32.24384307861328,12.383944511413574,2.8271987438201904,13.72860336303711,0.157611858099699,22,se3_log_map,0.586470365524292,1.83070170879364,-0.7084016799926758,-0.7257564663887024,238.27365112304688,172.73402404785156,-57.29726028442383
-0.8541567921638489,0.1625241637229919,1.8988804817199707,243.4774169921875,14.76447296142578,107.87943267822266,32.5595703125,29.73711395263672,11.81038761138916,31.996583938598636,11.81218433380127,3.0690362453460693,13.592097282409668,0.1597425797954201,22,se3_log_map,0.588800311088562,1.8305754661560056,-0.7075617909431458,-0.7262603640556335,239.07113647460935,173.3315887451172,-57.711463928222656
-0.8527078032493591,0.1633692979812622,1.8989195823669436,243.72821044921875,14.671501159667969,107.96182250976562,33.42250061035156,29.5773983001709,11.694026947021484,31.805233001708984,11.695799827575684,2.8226442337036133,13.517154693603516,0.159401754848659,22,se3_log_map,0.5924476385116577,1.8312605619430544,-0.7056686878204346,-0.7260895371437073,239.3282623291016,173.47650146484375,-57.473899841308594
-0.850294291973114,0.1633058190345764,1.8977882862091064,243.5505523681641,14.850990295410156,107.37295532226562,34.22270202636719,28.522661209106445,12.1871337890625,31.017229080200195,12.188859939575195,2.6838266849517822,13.393380165100098,0.1680834861472249,22,se3_log_map,0.5889720916748047,1.8307709693908687,-0.7028452754020691,-0.7247170805931091,238.97401428222656,172.8908233642578,-57.45843124389648
-0.8497543931007385,0.163057267665863,1.8959338665008545,244.68821716308597,15.571250915527344,106.86859893798828,35.23378372192383,27.73682975769043,12.06394100189209,30.246826171875,12.065470695495604,3.919863700866699,13.231085777282717,0.1587371029891073,22,se3_log_map,0.5947746634483337,1.8291207551956177,-0.7015926837921143,-0.7245631814002991,239.54849243164065,173.12747192382812,-58.667606353759766
-0.8486537337303162,0.1632135212421417,1.895109295845032,245.33413696289065,15.984413146972656,106.5173568725586,35.95932388305664,27.241804122924805,12.129705429077148,29.82022476196289,12.13114070892334,4.626674652099609,13.143366813659668,0.1561371581628918,22,se3_log_map,0.5955165028572083,1.8286832571029663,-0.7000458836555481,-0.7241782546043396,239.85484313964844,173.2095184326172,-59.30462646484375
-0.8461835384368896,0.1638439297676086,1.895907521247864,244.7480926513672,15.75385284423828,106.3783950805664,36.7692756652832,27.035144805908203,12.445677757263184,29.76229286193848,12.447211265563965,3.663288831710816,13.12421703338623,0.1617130050435662,22,se3_log_map,0.5937820672988892,1.8302074670791624,-0.6976662278175354,-0.7229620814323425,239.41058349609372,172.7557373046875,-58.64216232299805
-0.8458877801895142,0.1656024008989334,1.8976304531097408,245.3918609619141,15.448616027832031,107.18154907226562,37.91150665283203,28.08254814147949,11.669760704040527,30.410737991333008,11.67133617401123,2.8757238388061523,13.148821830749512,0.1592979435808956,22,se3_log_map,0.5885719656944275,1.8324824571609497,-0.6971201300621033,-0.7240041494369507,240.23033142089844,173.70838928222656,-58.265743255615234
-0.8444321155548096,0.1668744385242462,1.899061918258667,245.3543701171875,15.10955810546875,107.60928344726562,38.74529266357422,28.6142578125,11.409439086914062,30.805051803588867,11.411062240600586,2.344161033630371,13.146832466125488,0.1601711669936776,22,se3_log_map,0.5906733274459839,1.8345787525177,-0.6956189274787903,-0.7239064574241638,240.41018676757807,173.9949493408203,-57.5974006652832
-0.8421391844749451,0.1676439791917801,1.8996729850769043,244.9980316162109,14.974609375,107.54931640625,39.431270599365234,28.56844139099121,11.588237762451172,30.829259872436523,11.589911460876465,2.0983660221099854,13.122658729553224,0.1607337947934866,22,se3_log_map,0.5911986827850342,1.8359349966049197,-0.6932281255722046,-0.7229849696159363,240.1292724609375,173.7696533203125,-57.0736083984375
-0.8413160443305969,0.167764276266098,1.898909330368042,245.8226776123047,15.538795471191406,107.328857421875,40.58219909667969,28.20553398132324,11.430965423583984,30.4338493347168,11.43254852294922,2.2194089889526367,13.035672187805176,0.1584057668223977,22,se3_log_map,0.5880651473999023,1.8354705572128296,-0.691997766494751,-0.7227323055267334,240.5564727783203,174.12294006347656,-57.88563537597656
-0.8399879932403564,0.1680385470390319,1.8982338905334477,246.43240356445312,15.993453979492188,107.19905090332033,41.38064193725586,27.83448600769043,11.32966423034668,30.05195426940918,11.33114528656006,2.476773500442505,12.945067405700684,0.159269587136805,22,se3_log_map,0.591833233833313,1.8352550268173216,-0.6902286410331726,-0.7222718596458435,240.8607177734375,174.4397430419922,-58.37520980834961
-0.8374589085578918,0.1678962558507919,1.8974992036819456,246.25738525390625,16.336883544921875,106.73514556884766,42.40276336669922,27.08854866027832,11.690876960754396,29.503664016723636,11.692375183105469,2.183171033859253,12.850340843200684,0.1597891617566347,22,se3_log_map,0.5885811448097229,1.8351044654846191,-0.6875340342521667,-0.7206516861915588,240.47889709472656,174.05599975585938,-58.45058441162109
-0.8361497521400452,0.1680596768856048,1.897323489189148,246.7632598876953,16.73644256591797,106.71583557128906,43.34529876708984,26.873872756958008,11.564475059509276,29.25649070739746,11.565910339355469,2.4095239639282227,12.748677253723145,0.1642106110230088,22,se3_log_map,0.5888532996177673,1.835296869277954,-0.6860902309417725,-0.7199864983558655,240.7555389404297,174.39324951171875,-58.8327522277832
-0.8347675800323486,0.1674043238162994,1.8962953090667725,247.2611541748047,17.417709350585938,106.1820831298828,44.11189651489258,26.092798233032227,11.925576210021973,28.68891143798828,11.9269380569458,3.2838919162750244,12.66761875152588,0.1591675691306591,22,se3_log_map,0.5943105816841125,1.8344346284866333,-0.6846799254417419,-0.7187039852142334,240.8257598876953,174.3053436279297,-59.70418548583984
-0.8334181904792786,0.1675725430250167,1.896801710128784,247.27899169921875,17.49420166015625,106.28311920166016,45.03655624389648,26.106136322021484,11.812676429748535,28.65431404113769,11.814051628112791,2.950432777404785,12.584185600280762,0.1562971109524369,22,se3_log_map,0.5917003750801086,1.835257649421692,-0.6835172176361084,-0.7178636789321899,240.8477325439453,174.4149627685547,-59.5715217590332
-0.83250492811203,0.1680924743413925,1.897856950759888,247.3998260498047,17.38946533203125,106.68649291992188,46.02582550048828,26.4984130859375,11.431827545166016,28.85918617248535,11.433212280273438,2.4581305980682373,12.50302028656006,0.158501629717648,22,se3_log_map,0.5908495783805847,1.836608648300171,-0.6828145980834961,-0.7175135612487793,241.09043884277344,174.78536987304688,-59.24779510498047
-0.8313395380973816,0.168568730354309,1.8990508317947388,247.3296356201172,17.197860717773438,107.0205307006836,46.91362380981445,26.897062301635746,11.14201545715332,29.11351203918457,11.143430709838867,1.999538779258728,12.43576431274414,0.1602852158248424,22,se3_log_map,0.5919910669326782,1.8381261825561523,-0.6819607019424438,-0.7169283032417297,241.1934509277344,174.9667205810547,-58.78579711914063
-0.8303623199462891,0.1689871996641159,1.900010108947754,247.41136169433597,17.117088317871094,107.37183380126952,47.78669738769531,27.239501953125,10.814438819885254,29.30772399902344,10.815852165222168,1.9940325021743772,12.352791786193848,0.1610809681005776,22,se3_log_map,0.5921379923820496,1.8393666744232176,-0.6812123656272888,-0.7164656519889832,241.3838348388672,175.2780303955078,-58.48119354248047
-0.8295239210128784,0.1687048971652984,1.899874448776245,247.7857666015625,17.418853759765625,107.3791961669922,48.66781997680664,26.99508476257324,10.748106002807615,29.056093215942383,10.749485969543455,2.102628707885742,12.249924659729004,0.1585635771043598,22,se3_log_map,0.5908308029174805,1.839328646659851,-0.6805153489112854,-0.7156853675842285,241.61802673339844,175.49652099609375,-58.78155899047852
-0.8279542922973633,0.1682375818490982,1.8996976613998413,247.74664306640625,17.663711547851562,107.25499725341795,49.56877517700195,26.600669860839844,10.825693130493164,28.719181060791016,10.827048301696776,1.8980566263198853,12.130523681640623,0.1616416461765766,22,se3_log_map,0.5909774303436279,1.8393492698669436,-0.6792093515396118,-0.7142642140388489,241.4985809326172,175.3914337158203,-58.82151412963867
-0.8270161747932434,0.1679966747760772,1.899622201919556,248.0928649902344,17.888076782226562,107.47166442871094,50.50225067138672,26.399188995361328,10.589137077331545,28.443754196166992,10.590444564819336,2.013483762741089,11.9753999710083,0.159610231872648,22,se3_log_map,0.5895935297012329,1.8394025564193728,-0.678419291973114,-0.7134436368942261,241.79006958007807,175.75514221191406,-58.89528274536133
-0.8258647918701172,0.1678937524557113,1.899594783782959,248.3766021728516,18.05586242675781,107.74303436279295,51.32768249511719,26.25798225402832,10.316383361816406,28.21186828613281,10.317651748657228,2.0967214107513428,11.83019733428955,0.1598731158301234,22,se3_log_map,0.5912841558456421,1.8395954370498655,-0.6773611903190613,-0.7126011848449707,242.0578765869141,176.1302490234375,-58.826080322265625
-0.8234096765518188,0.1675052493810653,1.8993595838546755,247.7755889892578,18.048377990722656,107.65389251708984,51.83378601074219,25.87649726867676,10.37374496459961,27.87844657897949,10.37501621246338,1.6977885961532593,11.711859703063965,0.1627630861476063,22,se3_log_map,0.5888368487358093,1.8397841453552248,-0.6751271486282349,-0.7106861472129822,241.56118774414065,175.73280334472656,-58.22834396362305
-0.8240042924880981,0.1674145460128784,1.8989458084106443,249.1002349853516,18.578819274902344,108.1399383544922,52.59885787963867,25.744997024536133,9.952349662780762,27.601707458496094,9.953506469726562,2.5095648765563965,11.575396537780762,0.1584430201910436,22,se3_log_map,0.5964857935905457,1.8392431735992432,-0.6755625009536743,-0.711081862449646,242.6207427978516,176.8867645263672,-59.01982498168945
-0.8219607472419739,0.1664418578147888,1.898159503936768,248.44581604003903,18.737091064453125,107.68189239501952,53.98584747314453,25.02235984802246,10.312145233154297,27.06397819519043,10.313311576843262,1.670970439910889,11.491728782653809,0.1589209428057074,22,se3_log_map,0.5917795896530151,1.838631272315979,-0.6738319396972656,-0.7090131640434265,241.9449005126953,176.16726684570312,-58.7949333190918
-0.8213297724723816,0.165352776646614,1.8970701694488523,248.7694854736328,19.224464416503903,107.25282287597656,54.681739807128906,24.237104415893555,10.748988151550291,26.513734817504883,10.750118255615234,2.128462791442871,11.454607963562012,0.1608562129549682,22,se3_log_map,0.5926971435546875,1.8373907804489136,-0.673393726348877,-0.7078271508216858,241.9951934814453,175.9766082763672,-59.4586296081543
-0.8220133185386658,0.1647458374500274,1.8972368240356443,249.6175537109375,19.588897705078125,107.39599609375,55.34531021118164,24.07308006286621,10.73705768585205,26.35901641845703,10.738126754760742,3.1306145191192627,11.344223976135254,0.1589712835848331,22,se3_log_map,0.5933088064193726,1.8371789455413816,-0.6745054721832275,-0.7076746821403503,242.66510009765625,176.49215698242188,-60.202239990234375
-0.8209318518638611,0.1646022945642471,1.898916721343994,248.97982788085935,19.18384552001953,107.507568359375,56.54605865478516,24.51188087463379,10.524007797241213,26.67559051513672,10.525132179260254,2.1189911365509038,11.241634368896484,0.162072816863656,22,se3_log_map,0.591884970664978,1.8389019966125488,-0.6743355989456177,-0.7064632773399353,242.3466033935547,176.0844268798828,-59.52379608154297
-0.8209810256958008,0.165438175201416,1.901909351348877,248.79136657714844,18.466346740722656,108.47698974609376,57.5667724609375,25.808055877685547,9.586569786071776,27.53104019165039,9.58773422241211,1.925949454307556,11.051368713378906,0.1600248389877379,22,se3_log_map,0.5934995412826538,1.8419206142425537,-0.6752569079399109,-0.7066138386726379,242.6988220214844,176.58526611328125,-58.506568908691406
-0.8214170336723328,0.1658957004547119,1.9034702777862549,249.1241455078125,18.22112274169922,109.10447692871094,58.029396057128906,26.51778030395508,9.051980018615724,28.020191192626957,9.053138732910156,2.629985809326172,10.952674865722656,0.1606006561778485,22,se3_log_map,0.5999864339828491,1.8434118032455444,-0.676120936870575,-0.7069805860519409,243.2350311279297,177.17434692382812,-58.26595306396485
-0.820105791091919,0.1654456257820129,1.9037771224975584,248.5267333984375,18.139259338378903,108.85171508789062,58.99851989746094,26.41691017150879,9.226248741149902,27.981725692749023,9.227438926696776,2.206023931503296,10.906631469726562,0.1625861506909132,22,se3_log_map,0.5961580872535706,1.843823194503784,-0.6752769947052002,-0.705637514591217,242.7303009033203,176.60409545898438,-57.94102096557617
-0.820219874382019,0.1645894795656204,1.9027092456817627,249.0907287597656,18.727195739746094,108.44780731201172,60.313602447509766,25.74357032775879,9.635677337646484,27.487773895263672,9.63685131072998,1.962065577507019,10.92363452911377,0.1587834847159683,22,se3_log_map,0.5930413007736206,1.842520833015442,-0.6754204630851746,-0.70514976978302,242.9293670654297,176.62413024902344,-58.89148712158203
-0.8204119205474854,0.1636904925107956,1.9009331464767456,249.7738342285156,19.43218994140625,107.95731353759766,60.88166046142578,24.81736946105957,10.219613075256348,26.83919715881348,10.220705032348633,2.6739814281463623,10.979568481445312,0.1627004337497055,22,se3_log_map,0.5950796008110046,1.8405386209487915,-0.6753369569778442,-0.7048302888870239,243.1566162109375,176.67544555664062,-59.98584365844727
-0.8191479444503784,0.1634650081396103,1.9006216526031492,249.1905212402344,19.315505981445312,107.74732208251952,61.736324310302734,24.605297088623047,10.31574249267578,26.68024253845215,10.31686305999756,2.0041964054107666,10.971752166748049,0.1607556124217808,22,se3_log_map,0.592004656791687,1.8404536247253416,-0.6741147637367249,-0.7038624882698059,242.6664886474609,176.17379760742188,-59.54062271118164
-0.8194683194160461,0.1641724556684494,1.901039123535156,249.50079345703125,19.04898834228516,108.33292388916016,62.95976257324219,25.01115608215332,9.803780555725098,26.863956451416016,9.804871559143066,2.0381345748901367,10.926369667053224,0.1594713130034506,22,se3_log_map,0.5914528965950012,1.8410131931304927,-0.6741786003112793,-0.7046384215354919,243.1515350341797,176.753173828125,-59.14282989501953
-0.8194618225097656,0.1644700765609741,1.9011545181274412,249.58663940429688,18.851531982421875,108.62312316894533,63.76968765258789,25.1599063873291,9.548815727233888,26.91098022460937,9.549893379211426,2.094773530960083,10.896317481994627,0.1622910392470657,22,se3_log_map,0.5987439155578613,1.841225028038025,-0.674041748046875,-0.7048859000205994,243.36575317382807,176.96807861328125,-58.82415390014648
-0.8184335231781006,0.1642888039350509,1.900609016418457,249.0869598388672,18.735504150390625,108.3623275756836,64.42119598388672,24.90057945251465,9.718548774719238,26.729930877685547,9.719646453857422,1.6794919967651367,10.919419288635254,0.1609723316505551,22,se3_log_map,0.5937113761901855,1.8408883810043333,-0.6729102730751038,-0.7041646838188171,242.92955017089844,176.4584197998047,-58.45722198486328
-0.819193422794342,0.1642155051231384,1.8996038436889648,249.8467559814453,19.05975341796875,108.34388732910156,65.52827453613281,24.551204681396484,9.86808967590332,26.46017837524414,9.869147300720217,2.1488327980041504,10.983752250671388,0.1591310920193791,22,se3_log_map,0.5923256278038025,1.839776635169983,-0.6732212901115417,-0.7048145532608032,243.44888305664065,176.87255859375,-59.09531784057617
-0.8188968300819397,0.1642248779535293,1.8989758491516116,249.8659820556641,19.153953552246094,108.0950927734375,66.46094512939453,24.349327087402344,10.11094856262207,26.365148544311523,10.112004280090332,2.125082492828369,11.08236312866211,0.1610441599041223,22,se3_log_map,0.5918059945106506,1.83927059173584,-0.6726387143135071,-0.704767107963562,243.36480712890625,176.69801330566406,-59.23343276977539
-0.8181020617485046,0.1644755601882934,1.8989028930664065,249.4409637451172,18.95740509033203,107.96672821044922,67.13724517822266,24.41872787475586,10.155173301696776,26.446208953857425,10.15627384185791,1.6667827367782593,11.145030975341797,0.1600626106373965,22,se3_log_map,0.5907588005065918,1.839466452598572,-0.6716846227645874,-0.7044960260391235,243.03445434570312,176.3490753173828,-58.82212829589844
-0.8188443779945374,0.1649869084358215,1.8988208770751955,249.96441650390625,18.93213653564453,108.25265502929688,68.22148132324219,24.591707229614254,9.990781784057615,26.543699264526367,9.991838455200195,2.0868349075317383,11.19533920288086,0.1602060440927744,22,se3_log_map,0.5914405584335327,1.839408278465271,-0.6720436215400696,-0.705475389957428,243.53651428222656,176.84518432617188,-58.936744689941406
-0.8186208009719849,0.1654931157827377,1.8988072872161863,249.8707275390625,18.7176513671875,108.34270477294922,69.16588592529297,24.78158187866211,9.89491367340088,26.684005737304688,9.895986557006836,1.9607445001602173,11.2608060836792,0.1591291730292141,22,se3_log_map,0.591934859752655,1.839622139930725,-0.6715078353881836,-0.7058026790618896,243.5375061035156,176.837158203125,-58.60085678100586
-0.8179765343666077,0.1656739860773086,1.8985751867294312,249.4992218017578,18.51693725585937,108.28126525878906,69.91620635986328,24.778566360473636,9.89089584350586,26.679718017578125,9.891996383666992,1.6918853521347046,11.287757873535156,0.1653191861696541,22,se3_log_map,0.593263566493988,1.8396141529083248,-0.670667827129364,-0.705599844455719,243.2729034423828,176.56103515625,-58.171573638916016
-0.8184657692909241,0.1654465049505233,1.8972554206848145,249.9977264404297,18.809234619140625,108.0773468017578,70.92571258544922,24.285255432128903,10.175877571105955,26.33101272583008,10.176931381225586,1.917770743370056,11.371437072753906,0.1583460159599781,22,se3_log_map,0.5914243459701538,1.8382203578948972,-0.670667290687561,-0.7059970498085022,243.5395965576172,176.68373107910156,-58.71194839477539
-0.8186487555503845,0.1657961308956146,1.8968795537948608,250.1623077392578,18.789825439453125,108.22557830810548,71.69103240966797,24.311107635498047,10.075517654418944,26.31627082824707,10.076562881469728,2.0889337062835693,11.402626991271973,0.1559984479099512,22,se3_log_map,0.5929030179977417,1.8379589319229128,-0.6704515218734741,-0.7065239548683167,243.69830322265625,176.92071533203125,-58.64728546142578
-0.8176859021186829,0.1659494489431381,1.8965693712234497,249.5465545654297,18.59357452392578,108.1285171508789,72.52783203125,24.282773971557617,10.0423583984375,26.27740859985352,10.043432235717772,1.5820966958999634,11.401850700378418,0.1614336487837135,22,se3_log_map,0.58998703956604,1.8379391431808472,-0.6692865490913391,-0.7061029076576233,243.20726013183597,176.53688049316406,-58.08039093017578
-0.8181936740875244,0.1662414520978927,1.8963603973388672,249.82061767578125,18.563888549804688,108.47337341308594,73.57135772705078,24.335813522338867,9.769518852233888,26.22356605529785,9.770551681518556,1.8804219961166384,11.357062339782717,0.1614594021812081,22,se3_log_map,0.5920807123184204,1.837739944458008,-0.6694961786270142,-0.7067524790763855,243.51416015625,176.98532104492188,-57.99529647827149
-0.8183373808860779,0.1666363030672073,1.896373391151428,249.89337158203125,18.465545654296875,108.87483215332033,74.14958953857422,24.49835777282715,9.40957736968994,26.243282318115234,9.410595893859863,2.253411293029785,11.289155006408691,0.1610791250132024,22,se3_log_map,0.5981272459030151,1.83785879611969,-0.6693946123123169,-0.7072105407714844,243.6829833984375,177.39100646972656,-57.69180679321289
-0.8173291683197021,0.1665980964899063,1.896385669708252,249.29933166503903,18.34093475341797,108.87188720703124,75.08558654785156,24.493000030517575,9.29527187347412,26.1975040435791,9.296316146850586,2.1168317794799805,11.215971946716309,0.159479440189898,22,se3_log_map,0.5913946628570557,1.8380755186080933,-0.6684547066688538,-0.706511378288269,243.21725463867188,177.113037109375,-57.17112350463867
-0.8174552321434021,0.1662569195032119,1.895659685134888,249.58023071289065,18.649810791015625,108.85581970214844,76.14250183105469,24.14449691772461,9.336309432983398,25.886743545532227,9.337310791015623,2.001755714416504,11.17368221282959,0.1595342839136719,22,se3_log_map,0.5913575887680054,1.8372646570205688,-0.6684516072273254,-0.7064351439476013,243.34056091308597,177.3318634033203,-57.52206039428711
-0.8174543380737305,0.1654095947742462,1.8939993381500244,249.9442138671875,19.284149169921875,108.46009063720705,77.00434875488281,23.329500198364254,9.772120475769045,25.29347801208496,9.7730712890625,1.9102097749710083,11.18103313446045,0.1606902899220585,22,se3_log_map,0.594927191734314,1.83544921875,-0.6682085394859314,-0.7060092091560364,243.3334045410156,177.35107421875,-58.33018493652344
-0.8165578842163086,0.1645852774381637,1.8929650783538816,249.59364318847656,19.60419464111328,108.03030395507812,77.75428009033203,22.723312377929688,10.11095142364502,24.87127685546875,10.11190414428711,1.6229978799819946,11.153000831604004,0.1606152849271893,22,se3_log_map,0.5928103923797607,1.83440899848938,-0.6673828959465027,-0.7048808336257935,242.83355712890625,176.91488647460938,-58.50458526611328
-0.8166946768760681,0.1645507514476776,1.892989039421081,249.8218536376953,19.805694580078125,108.0688018798828,78.7276840209961,22.71206283569336,10.12725067138672,24.867631912231445,10.12820053100586,1.874539375305176,11.14932632446289,0.1700717378407716,22,se3_log_map,0.5966566801071167,1.8343888521194456,-0.6675466299057007,-0.7049334645271301,242.9578094482422,177.13893127441406,-58.78181838989258
-0.8168009519577026,0.1652223318815231,1.8943108320236208,249.83421325683597,19.58417510986328,108.51327514648438,79.6837387084961,23.351736068725582,9.69283676147461,25.28348922729492,9.69379711151123,1.8735713958740237,11.107584953308104,0.1598839778453111,22,se3_log_map,0.5958516597747803,1.8358107805252075,-0.6678420305252075,-0.7053387761116028,243.13461303710935,177.50906372070312,-58.45340347290039
-0.8159950375556946,0.1658849120140075,1.8960180282592771,249.16009521484372,19.147987365722656,108.81190490722656,80.48314666748047,24.12495803833008,9.265628814697266,25.843095779418945,9.266637802124023,1.8251463174819944,11.065808296203612,0.1617195028811693,22,se3_log_map,0.59229576587677,1.8377799987792969,-0.667445719242096,-0.7050540447235107,242.7728576660156,177.38671875,-57.63510894775391
-0.8162118196487427,0.1665777713060379,1.8970452547073364,249.30064392089844,19.058692932128903,109.2579574584961,81.31485748291016,24.695402145385746,8.85789680480957,26.2359561920166,8.85891056060791,2.394572257995605,11.034438133239746,0.1577329020947218,22,se3_log_map,0.5958421230316162,1.8389146327972408,-0.6676985621452332,-0.70561683177948,242.99887084960935,177.8900146484375,-57.46123504638672
-0.8159676194190979,0.166734829545021,1.8970983028411863,249.34298706054688,19.2418212890625,109.2670669555664,82.14714050292969,24.779193878173828,8.851005554199219,26.312522888183597,8.852022171020508,2.430858373641968,11.063691139221191,0.1596435797400772,22,se3_log_map,0.5966035723686218,1.839071035385132,-0.6673905253410339,-0.7055913209915161,242.94830322265625,178.04063415527344,-57.601680755615234
-0.8147608637809753,0.1655090749263763,1.8952394723892207,248.9845733642578,19.88763427734375,108.28327178955078,82.80533599853516,23.79290199279785,9.762262344360352,25.717777252197266,9.763298034667969,1.4617414474487305,11.20654010772705,0.1613795841112733,22,se3_log_map,0.5959780216217041,1.8372035026550293,-0.666133463382721,-0.7040643692016602,242.1946258544922,177.2198486328125,-58.29065704345703
-0.8157845139503479,0.1645915955305099,1.8933916091918943,250.077880859375,20.86260986328125,107.75765228271484,83.3983154296875,22.86650276184082,10.576647758483888,25.1940975189209,10.577631950378418,2.693730115890503,11.317057609558104,0.1614824943244457,22,se3_log_map,0.5960260033607483,1.8349697589874268,-0.6668340563774109,-0.7042860388755798,242.65489196777344,177.55148315429688,-59.939056396484375
-0.8153825998306274,0.1639834195375442,1.8929752111434937,249.85499572753903,21.08470916748047,107.30451202392578,84.19081115722656,22.51804542541504,10.994080543518066,25.058578491210938,10.99507999420166,2.967534303665161,11.373026847839355,0.1625194530934095,22,se3_log_map,0.6009408831596375,1.8344630002975464,-0.6666349768638611,-0.7035484910011292,242.2962646484375,177.105224609375,-60.23897171020508
-0.8149276971817017,0.164678007364273,1.8945815563201904,249.23355102539065,20.6126708984375,107.50908660888672,85.059326171875,23.265352249145508,10.618659973144531,25.57406234741211,10.61971378326416,1.929242253303528,11.375152587890623,0.160993505269289,22,se3_log_map,0.5883568525314331,1.8362749814987185,-0.6665073037147522,-0.7035451531410217,241.96832275390625,176.90142822265625,-59.514408111572266
-0.8161666393280029,0.1661262661218643,1.8973212242126465,249.4584045410156,19.995643615722656,108.47801208496094,86.83818817138672,24.59799575805664,9.65868854522705,26.426347732543945,9.659768104553224,1.911363959312439,11.247551918029783,0.157844868954271,22,se3_log_map,0.591194212436676,1.839019536972046,-0.6680639386177063,-0.7051078081130981,242.57684326171875,177.71292114257812,-58.90138626098633
-0.8164572715759277,0.1676359474658966,1.9005285501480105,248.94305419921875,19.09918975830078,109.42523956298828,87.09906768798828,26.15612030029297,8.626649856567383,27.542001724243164,8.627767562866211,3.002964735031128,11.117369651794434,0.1602090769447386,22,se3_log_map,0.5988630652427673,1.842417597770691,-0.6688921451568604,-0.7060051560401917,242.6530914306641,178.10804748535156,-57.639404296875
-0.815910816192627,0.1680340021848678,1.9018408060073853,248.22418212890625,18.725067138671875,109.49888610839844,87.37157440185547,26.726795196533203,8.48945140838623,28.04269027709961,8.490622520446777,3.572369337081909,11.11864185333252,0.1616705269552767,22,se3_log_map,0.5994675159454346,1.8438758850097656,-0.6687269806861877,-0.7057334780693054,242.1824493408203,177.7791748046875,-57.0002555847168
-0.8165393471717834,0.1676430851221084,1.900989294052124,248.8343963623047,19.21595001220703,109.19313049316406,89.0173568725586,26.301124572753903,8.834698677062988,27.745290756225582,8.835847854614258,2.728834867477417,11.194045066833496,0.1609053746797144,22,se3_log_map,0.6007847189903259,1.84282386302948,-0.669180691242218,-0.7059653401374817,242.45306396484372,177.9313201904297,-57.90987777709961
-0.8164657950401306,0.1663709878921508,1.8986709117889404,249.3430938720703,20.109718322753903,108.15962982177734,90.4114227294922,25.09377098083496,9.95542049407959,26.99644088745117,9.95656681060791,1.9111686944961548,11.394761085510254,0.1597596378996968,22,se3_log_map,0.592713475227356,1.8402749300003047,-0.6688249111175537,-0.7052378058433533,242.3431854248047,177.48086547851562,-59.35195159912109
-0.8158379793167114,0.1651951819658279,1.8967231512069704,249.39077758789065,20.7569580078125,107.11618041992188,90.51829528808594,24.060216903686523,11.045778274536133,26.474580764770508,11.04692554473877,2.4829699993133545,11.60421657562256,0.1599628110416233,22,se3_log_map,0.5928378105163574,1.838218212127685,-0.6680501699447632,-0.7041573524475098,241.9323883056641,176.7374267578125,-60.33639144897461
-0.8163661956787109,0.1647331416606903,1.895762085914612,249.94200134277344,21.16476821899414,106.64688873291016,90.84791564941406,23.58037757873535,11.659825325012209,26.30562400817871,11.660964012145996,3.691141128540039,11.733482360839844,0.1629918538965284,22,se3_log_map,0.6006916761398315,1.837062239646912,-0.6684007048606873,-0.7042837738990784,242.15725708007807,176.655029296875,-61.227027893066406
-0.8168590664863586,0.1651901006698608,1.8962516784667969,250.0431365966797,20.9406852722168,106.76615142822266,91.86163330078124,23.896373748779297,11.535286903381348,26.534875869750977,11.53644561767578,3.529285192489624,11.764137268066406,0.1608577799052,22,se3_log_map,0.5976586937904358,1.837562918663025,-0.6688168048858643,-0.7049247622489929,242.343017578125,176.7300262451172,-61.11556625366211
-0.8167055249214172,0.1660389900207519,1.8977580070495603,249.34881591796875,20.196983337402344,107.06983947753906,93.3312530517578,24.683563232421875,11.03303337097168,27.037128448486328,11.03424835205078,2.182262420654297,11.744786262512209,0.1583580607548356,22,se3_log_map,0.5909560322761536,1.839271545410156,-0.6688390970230103,-0.7052848935127258,242.0789031982422,176.4656524658203,-60.082366943359375
-0.8177342414855957,0.1674111932516098,1.8996896743774412,249.30963134765625,19.36260986328125,107.89183044433594,94.9276885986328,25.800048828125,10.192707061767578,27.74047470092773,10.193936347961426,1.8531471490859983,11.674269676208496,0.1603182330727577,22,se3_log_map,0.5917569398880005,1.8412944078445437,-0.6698728203773499,-0.7068137526512146,242.5155487060547,176.92477416992188,-59.13454055786133
-0.8187189102172852,0.168451726436615,1.901214599609375,249.33111572265625,18.716629028320312,108.48936462402344,95.32371520996094,26.68150520324707,9.63766860961914,28.368776321411133,9.638898849487305,2.406667709350586,11.656898498535156,0.1624009208753705,22,se3_log_map,0.5976254940032959,1.8428380489349363,-0.6708846688270569,-0.7080940008163452,242.89236450195312,177.26177978515625,-58.48158645629883
-0.8186146020889282,0.1692637950181961,1.902311086654663,248.73147583007807,18.080909729003903,108.88565063476562,95.71351623535156,27.33885955810547,9.22593116760254,28.85361671447754,9.227215766906738,3.112609624862671,11.626941680908203,0.1625137091614306,22,se3_log_map,0.6005519032478333,1.8441470861434937,-0.6707906723022461,-0.7085431814193726,242.68362426757807,177.18756103515625,-57.48444366455078
-0.8185696005821228,0.1693779379129409,1.901945948600769,248.5339508056641,17.99688720703125,108.83802795410156,96.4605712890625,27.267927169799805,9.262024879455566,28.798004150390625,9.263306617736816,3.1452152729034424,11.651284217834473,0.1609076461754739,22,se3_log_map,0.5990711450576782,1.843863129615784,-0.6705065965652466,-0.7086997032165527,242.5196228027344,177.0602264404297,-57.30085372924805
-0.819103479385376,0.1688756495714187,1.9000751972198489,249.07275390625,18.502365112304688,108.49674224853516,98.02623748779295,26.49913215637207,9.60460090637207,28.186033248901367,9.605842590332031,2.406257390975952,11.712203025817873,0.1598405539989471,22,se3_log_map,0.5967220067977905,1.8418607711791992,-0.670461893081665,-0.7089880108833313,242.7056121826172,177.16612243652344,-58.08629608154297
-0.8189015984535217,0.1677728444337844,1.8974707126617432,249.3238220214844,19.26837921142578,107.64348602294922,99.3223648071289,25.27848052978516,10.441107749938965,27.349925994873047,10.442302703857422,1.8726767301559448,11.824707984924316,0.1599929737858474,22,se3_log_map,0.5899966955184937,1.8391376733779907,-0.6697406768798828,-0.7083972096443176,242.44305419921875,176.7696075439453,-59.12686538696289
-0.818396270275116,0.1668057739734649,1.8952422142028809,249.33311462402344,19.854522705078125,106.84864807128906,99.54288482666016,24.24279022216797,11.231221199035645,26.71803474426269,11.232407569885254,2.314047574996948,11.939156532287598,0.1625190959312021,22,se3_log_map,0.5925120711326599,1.836870551109314,-0.6688205599784851,-0.7076525688171387,242.05723571777344,176.25802612304688,-59.85841751098633
-0.819075882434845,0.1664727181196212,1.8943686485290527,249.76861572265625,20.14390563964844,106.7609405517578,100.22781372070312,23.861024856567383,11.40879726409912,26.44823837280273,11.409931182861328,3.064878463745117,11.93309497833252,0.1619469742290675,22,se3_log_map,0.5957480072975159,1.8358070850372317,-0.6692751049995422,-0.7079794406890869,242.3022308349609,176.46246337890625,-60.37241363525391
-0.8191633820533752,0.1667433828115463,1.8949298858642576,249.41973876953125,19.83805084228516,107.00922393798828,101.5372085571289,24.130142211914062,11.08674144744873,26.555219650268555,11.087889671325684,2.429732084274292,11.860793113708496,0.1650108979083597,22,se3_log_map,0.5908211469650269,1.8363959789276123,-0.6694514155387878,-0.7081658244132996,242.16519165039065,176.45193481445312,-59.85509490966797
-0.8192537426948547,0.1676185429096222,1.89634907245636,248.85618591308597,19.19229888916016,107.64683532714844,102.77073669433594,24.892602920532227,10.369359970092772,26.966005325317383,10.370524406433104,1.6216691732406616,11.746971130371094,0.1588293858803808,22,se3_log_map,0.5910701155662537,1.8379812240600584,-0.6696536540985107,-0.7087286114692688,242.0421295166016,176.61981201171875,-58.77234649658203
-0.8199702501296997,0.1687054187059402,1.8979665040969849,248.6780242919922,18.59186553955078,108.53254699707033,103.40684509277344,25.81220817565918,9.505077362060549,27.50666618347168,9.506250381469728,2.267503023147583,11.61184310913086,0.1591341970488429,22,se3_log_map,0.5931548476219177,1.8396848440170288,-0.6704201102256775,-0.7098557353019714,242.281005859375,177.2075653076172,-57.85006332397461
-0.8201664686203003,0.169661596417427,1.8992373943328855,248.33480834960935,18.079566955566406,109.27701568603516,103.30311584472656,26.576068878173828,8.797769546508789,27.99443244934082,8.798945426940918,3.494073867797852,11.498602867126465,0.1612344207242131,22,se3_log_map,0.6011977195739746,1.841138482093811,-0.6706074476242065,-0.7105967402458191,242.3119964599609,177.64158630371094,-56.91051483154297
-0.8194099068641663,0.1696541756391525,1.8989514112472532,247.882568359375,18.105728149414062,109.1364288330078,104.12736511230467,26.475738525390625,8.902596473693848,27.93243789672852,8.903789520263672,3.4722516536712646,11.51654052734375,0.1606519510969519,22,se3_log_map,0.599472165107727,1.8410390615463257,-0.6697497367858887,-0.7101569771766663,241.8654937744141,177.3834686279297,-56.677494049072266
-0.8193992972373962,0.1691557019948959,1.8975555896759035,248.4091644287109,18.72909545898437,108.69766235351562,105.93775939941406,25.86684799194336,9.30076503753662,27.48814582824707,9.301935195922852,2.4617624282836914,11.6044282913208,0.1616412028670311,22,se3_log_map,0.5965952277183533,1.8395910263061523,-0.6693989038467407,-0.7099895477294922,241.9793701171875,177.43997192382812,-57.59922790527344
-0.8189549446105957,0.1681565791368484,1.895446300506592,248.9286956787109,19.641403198242188,107.74881744384766,107.2743148803711,24.85608673095703,10.275691986083984,26.89637565612793,10.27684497833252,1.7998062372207642,11.801822662353516,0.1596865681931376,22,se3_log_map,0.5927481651306152,1.8374093770980835,-0.6686113476753235,-0.7092283368110657,241.87701416015625,177.11077880859375,-58.97126007080078
-0.8179638981819153,0.1669799089431762,1.893517017364502,249.01956176757807,20.45677947998047,106.5715789794922,107.04248809814452,23.84213638305664,11.495749473571776,26.468847274780277,11.496912956237791,2.6319191455841064,12.053794860839844,0.1592350178398192,22,se3_log_map,0.5948458909988403,1.8354473114013672,-0.667495608329773,-0.7079048156738281,241.4050445556641,176.344482421875,-60.160377502441406
-0.8185586333274841,0.1665573567152023,1.8927080631256104,249.812255859375,21.015907287597656,106.13724517822266,107.15750122070312,23.444713592529297,12.108528137207031,26.386951446533203,12.109681129455566,4.105459690093994,12.187148094177246,0.1622748868539929,22,se3_log_map,0.6016212105751038,1.8344303369522093,-0.6679543256759644,-0.7080790996551514,241.78515625,176.4615478515625,-61.29561233520508
-0.8184896111488342,0.1666327714920044,1.8930418491363523,249.7719573974609,21.038841247558597,105.80946350097656,107.96347045898438,23.56563377380371,12.423449516296388,26.63984489440918,12.424646377563477,4.351012706756592,12.325060844421388,0.1614772477187216,22,se3_log_map,0.59825199842453,1.8347771167755127,-0.6679960489273071,-0.7080312371253967,241.66656494140625,176.1544647216797,-61.53946304321289
-0.8184790015220642,0.1674773395061493,1.8944075107574463,249.39512634277344,20.511688232421875,105.97467041015624,109.3871841430664,24.28773498535156,12.1423921585083,27.153854370117188,12.143643379211426,3.409611940383911,12.391066551208496,0.1608033035881817,22,se3_log_map,0.5960953831672668,1.8363245725631716,-0.6680940389633179,-0.7085111737251282,241.5590057373047,175.98043823242188,-60.935096740722656
-0.8193364143371582,0.1689959913492202,1.8964744806289675,249.38780212402344,19.765457153320312,106.73982238769533,111.36939239501952,25.49248695373535,11.344720840454102,27.902862548828125,11.346014976501465,2.3278491497039795,12.37893772125244,0.1632879530079662,22,se3_log_map,0.5944252014160156,1.8385603427886963,-0.6689342260360718,-0.7100347280502319,241.9655303955078,176.45928955078125,-60.1029167175293
-0.8197508454322815,0.170629546046257,1.898846983909607,248.93212890625,18.810089111328125,107.55767059326172,112.4957046508789,26.843965530395508,10.484675407409668,28.818866729736328,10.486044883728027,2.000339269638061,12.361041069030762,0.1593841100111603,22,se3_log_map,0.593531608581543,1.8412107229232788,-0.6694231629371643,-0.7113096714019775,242.0763702392578,176.74005126953125,-58.8183479309082
-0.8198416233062744,0.1716804057359695,1.900728464126587,248.40182495117188,18.077682495117188,108.05685424804688,112.63439178466795,27.822080612182617,10.005825996398926,29.56661796569824,10.00725555419922,2.735656976699829,12.356979370117188,0.160900130867958,22,se3_log_map,0.593069314956665,1.843278169631958,-0.6697360873222351,-0.7119389772415161,241.98838806152344,176.7491912841797,-57.81378936767578
-0.8202452063560486,0.1721453368663787,1.901610374450684,248.45913696289065,17.853599548339844,108.15825653076172,113.30018615722656,28.280149459838867,9.944916725158691,29.97779655456543,9.94639015197754,3.033698320388794,12.42490291595459,0.1637499439530074,22,se3_log_map,0.600182294845581,1.844159245491028,-0.6702489256858826,-0.7124443054199219,242.13824462890625,176.78965759277344,-57.726192474365234
-0.820461094379425,0.1722129434347152,1.9014853239059448,248.77780151367188,18.0338134765625,107.9158706665039,114.41105651855467,28.274747848510746,10.19025421142578,30.054994583129883,10.191736221313477,2.7094719409942627,12.55014419555664,0.1604171497747302,22,se3_log_map,0.5933600664138794,1.844021916389465,-0.6703567504882812,-0.7126754522323608,242.28240966796875,176.7720489501953,-58.20304870605469
-0.8198265433311462,0.1715333014726638,1.9002588987350464,248.8932647705078,18.530113220214844,107.11456298828124,115.9829330444336,27.623699188232425,10.938606262207031,29.71063804626465,10.94009780883789,1.9043927192687988,12.715858459472656,0.1622503898106515,22,se3_log_map,0.5927815437316895,1.842800855636597,-0.6695935726165771,-0.7118938565254211,242.02696228027344,176.2386474609375,-58.99700164794922
-0.8196576833724976,0.1708595901727676,1.8986499309539795,249.48683166503903,19.19196319580078,106.37960052490234,116.8657684326172,26.87901496887207,11.71567440032959,29.321298599243164,11.717158317565918,2.158169984817505,12.900139808654783,0.1604226632043719,22,se3_log_map,0.5907604694366455,1.841131567955017,-0.6690984964370728,-0.7115052938461304,242.13270568847656,176.0226287841797,-60.13368988037109
-0.8193770051002502,0.1703768372535705,1.897688627243042,249.76419067382807,19.588111877441406,105.89662170410156,117.36357879638672,26.40325164794922,12.237110137939451,29.10118103027344,12.238574028015137,2.750027656555176,13.010631561279297,0.1616943781264126,22,se3_log_map,0.5966589450836182,1.8401448726654053,-0.6686798930168152,-0.7110810279846191,242.1249237060547,175.8140411376953,-60.78271865844727
-0.8192447423934937,0.1704960167407989,1.8976718187332156,249.7632751464844,19.548377990722656,105.98956298828124,118.36072540283205,26.44598197937012,12.14525032043457,29.101497650146484,12.146718978881836,2.6272733211517334,13.00032901763916,0.1623679609037935,22,se3_log_map,0.5941887497901917,1.840199589729309,-0.6684705018997192,-0.7111087441444397,242.1565704345703,175.8900604248047,-60.66239929199219
-0.8191230893135071,0.1710166037082672,1.8982094526290891,249.6204833984375,19.242965698242188,106.4010772705078,119.52169799804688,26.810691833496094,11.71653938293457,29.25902557373047,11.718006134033203,2.1496922969818115,12.9386625289917,0.1613112068735063,22,se3_log_map,0.5910743474960327,1.8408997058868408,-0.6682801842689514,-0.7113966941833496,242.2291259765625,176.11732482910156,-60.09215927124024
-0.8189029097557068,0.1715810745954513,1.8991174697875977,249.27919006347656,18.79070281982422,106.91590881347656,120.57459259033205,27.298507690429688,11.170061111450195,29.495405197143555,11.17153549194336,1.8505679368972776,12.833609580993652,0.1600905237719416,22,se3_log_map,0.596260666847229,1.8419740200042725,-0.6681405305862427,-0.711581289768219,242.2143096923828,176.2969207763672,-59.26277542114258
-0.8189439177513123,0.1717933118343353,1.8997975587844849,249.1703643798828,18.572921752929688,107.2239761352539,121.3199462890625,27.581342697143555,10.86524772644043,29.64429473876953,10.866729736328123,2.009118795394897,12.754055976867676,0.1611989326775074,22,se3_log_map,0.5922362804412842,1.8426612615585327,-0.6683654189109802,-0.7116585373878479,242.2755126953125,176.44871520996094,-58.90009307861328
-0.8191288113594055,0.1716094613075256,1.9000067710876465,249.3050079345703,18.578208923339844,107.37873077392578,122.15097045898438,27.569908142089844,10.733853340148926,29.585731506347656,10.735302925109863,2.1322782039642334,12.673304557800291,0.1593272271566093,22,se3_log_map,0.5914843082427979,1.8427480459213257,-0.668755829334259,-0.7115631699562073,242.44204711914065,176.61097717285156,-58.92000961303711
-0.8188316822052002,0.1715216785669326,1.8997141122817995,249.3369903564453,18.6678466796875,107.4384765625,123.05134582519533,27.44609832763672,10.673426628112791,29.44843864440918,10.674871444702148,2.143794298171997,12.633567810058594,0.1609147749841213,22,se3_log_map,0.5915839672088623,1.8425142765045168,-0.668387234210968,-0.7113505005836487,242.45037841796875,176.7132568359375,-58.898956298828125
-0.8179175853729248,0.1713914275169372,1.8989720344543457,249.17784118652344,18.87611389160156,107.19274139404295,124.03623962402344,27.175880432128903,10.876466751098633,29.27159309387207,10.87791347503662,1.8645583391189573,12.685417175292969,0.1621360261924564,22,se3_log_map,0.5925184488296509,1.8419878482818604,-0.6672409772872925,-0.7107915878295898,242.1713409423828,176.52549743652344,-58.95445251464844
-0.8175485134124756,0.1714017540216446,1.898091197013855,249.4877166748047,19.198638916015625,107.066162109375,125.0128402709961,26.93244743347168,11.039563179016112,29.10719490051269,11.040997505187988,1.8926128149032595,12.75979232788086,0.158887050114572,22,se3_log_map,0.5959669351577759,1.8412654399871824,-0.6664686799049377,-0.7107495069503784,242.27220153808597,176.6887969970703,-59.30461120605469
-0.8170166611671448,0.1713359504938125,1.8974835872650144,249.5420684814453,19.42920684814453,107.02294921875,125.88182830810548,26.741357803344727,11.088632583618164,28.949234008789062,11.090043067932127,1.88069486618042,12.769949913024902,0.1618418330326676,22,se3_log_map,0.5980814695358276,1.8408013582229612,-0.6657142639160156,-0.7104707956314087,242.21224975585935,176.7871856689453,-59.4134635925293
-0.8162294626235962,0.1714121550321579,1.897155284881592,249.35861206054688,19.530075073242188,107.07459259033205,126.79307556152344,26.69525146484375,11.0059814453125,28.875045776367188,11.007400512695312,1.7455196380615234,12.758339881896973,0.1611458319239318,22,se3_log_map,0.5979054570198059,1.840696692466736,-0.6647559404373169,-0.7100964784622192,242.01361083984372,176.84033203125,-59.230743408203125
-0.8159281015396118,0.1714442074298858,1.8968660831451416,249.4283905029297,19.672927856445312,107.27420043945312,127.69818878173828,26.636749267578125,10.823012351989746,28.7515926361084,10.8243989944458,1.874061226844788,12.698192596435549,0.1605317201465368,22,se3_log_map,0.591647744178772,1.840507984161377,-0.6643113493919373,-0.709990918636322,242.05349731445312,177.13888549804688,-59.17858505249024
-0.8153655529022217,0.1714204251766204,1.8967854976654053,249.24508666992188,19.738975524902344,107.51483154296876,128.57164001464844,26.61937522888184,10.556387901306152,28.636140823364254,10.557747840881348,1.9313338994979856,12.598101615905762,0.162659372203052,22,se3_log_map,0.5904009342193604,1.8405464887619016,-0.6637470722198486,-0.709617555141449,241.9177398681641,177.3419189453125,-58.90549850463867
-0.8148999810218811,0.1713686138391494,1.896678447723389,249.16082763671875,19.90241241455078,107.67918395996094,129.42515563964844,26.583288192749023,10.386297225952148,28.540260314941406,10.387635231018066,2.000562191009521,12.53231430053711,0.1603693719953298,22,se3_log_map,0.5920690894126892,1.840530276298523,-0.6632815599441528,-0.7092872262001038,241.8108367919922,177.5594024658203,-58.8243522644043
-0.8143746852874756,0.1711380630731582,1.8964288234710691,249.06784057617188,20.184959411621094,107.6803741455078,130.3498992919922,26.4397029876709,10.386611938476562,28.40668487548828,10.387948036193848,1.921301007270813,12.503972053527832,0.1606150032021105,22,se3_log_map,0.5892387628555298,1.840334415435791,-0.6628038287162781,-0.7087821364402771,241.61802673339844,177.6678009033203,-58.92986297607422
-0.8141059279441833,0.1706932038068771,1.896231174468994,249.08636474609372,20.57779693603516,107.6172103881836,131.27117919921875,26.21316146850586,10.485983848571776,28.23270797729492,10.487305641174316,1.8186663389205933,12.470157623291016,0.1632676860317587,22,se3_log_map,0.5929424166679382,1.840056538581848,-0.6627309322357178,-0.7082350850105286,241.4739227294922,177.79127502441406,-59.27308654785156
-0.8135790824890137,0.1702007055282592,1.896086812019348,248.85464477539065,20.90912628173828,107.47933959960938,132.0402374267578,25.994001388549805,10.629927635192873,28.083511352539062,10.631253242492676,1.621171474456787,12.457575798034668,0.1606376781128347,22,se3_log_map,0.5968233942985535,1.839866280555725,-0.6624643802642822,-0.7074630856513977,241.1224670410156,177.72271728515625,-59.46876907348633
-0.8139238953590393,0.170055016875267,1.8962904214859009,249.0740203857422,21.130111694335938,107.75535583496094,132.75820922851562,25.972368240356445,10.422094345092772,27.98542594909668,10.423381805419922,1.9202343225479128,12.339749336242676,0.1606066431850195,22,se3_log_map,0.5929584503173828,1.8399282693862915,-0.662981390953064,-0.7075102925300598,241.28659057617188,178.17518615722656,-59.65742111206055
-0.8131699562072754,0.1701729595661163,1.896823763847351,248.4890594482422,21.042465209960938,107.91195678710938,133.87164306640625,26.198863983154297,10.18376922607422,28.10853576660156,10.185065269470217,1.8098258972167969,12.31194305419922,0.161890784278512,22,se3_log_map,0.5922472476959229,1.8406187295913696,-0.6624295711517334,-0.7070112824440002,240.83743286132807,178.10279846191406,-59.16476440429688
-0.8130474090576172,0.1704834699630737,1.8974013328552248,248.3642578125,21.01020812988281,108.23609924316406,134.72390747070312,26.488094329833984,9.84869384765625,28.259796142578125,9.849987983703612,2.110865354537964,12.253204345703123,0.1601530369371175,22,se3_log_map,0.5965336561203003,1.8412811756134035,-0.6623854637145996,-0.7070960402488708,240.79437255859372,178.395751953125,-58.90977096557617
-0.8130953311920166,0.1709039062261581,1.8978509902954104,248.46485900878903,21.01428985595703,108.614990234375,135.17921447753906,26.77982521057129,9.486170768737791,28.41032600402832,9.487455368041992,2.5276052951812744,12.194485664367676,0.1609529280103743,22,se3_log_map,0.5975298285484314,1.84182870388031,-0.6623778343200684,-0.7074220776557922,240.93968200683597,178.8461151123047,-58.75947570800781
-0.812091588973999,0.1708327978849411,1.8977482318878172,248.05389404296875,21.17456817626953,108.35604858398438,136.27952575683594,26.77530860900879,9.736437797546388,28.49062156677246,9.737744331359863,2.32955002784729,12.335816383361816,0.1595867672003805,22,se3_log_map,0.593252956867218,1.84192419052124,-0.6614078879356384,-0.7067203521728516,240.4561004638672,178.54837036132812,-58.7296142578125
-0.8118318319320679,0.1704439520835876,1.89728581905365,248.2257080078125,21.57883071899414,108.10554504394533,137.39117431640625,26.507570266723636,10.070260047912598,28.355979919433597,10.071574211120604,1.9518609046936035,12.414718627929688,0.1607978837564587,22,se3_log_map,0.5936898589134216,1.8414218425750728,-0.6611862182617188,-0.7062873244285583,240.4002227783203,178.54925537109375,-59.24380111694336
-0.8120449781417847,0.1698366552591323,1.8966333866119385,248.75686645507807,22.131629943847656,107.73274993896484,137.97276306152344,26.071996688842773,10.608247756958008,28.147541046142575,10.60958480834961,1.8340296745300293,12.49367904663086,0.1625251499935984,22,se3_log_map,0.5971246361732483,1.8405689001083372,-0.6614683270454407,-0.7060021162033081,240.5834503173828,178.60751342773438,-60.18120193481445
-0.8112613558769226,0.1693942099809646,1.896354079246521,248.4622802734375,22.34980010986328,107.2479476928711,138.59336853027344,25.86791610717773,11.10080909729004,28.149194717407227,11.102157592773438,1.6700572967529297,12.65688419342041,0.1601135791279375,22,se3_log_map,0.5917970538139343,1.840327262878418,-0.6608613133430481,-0.7051368355751038,240.1531219482422,178.11549377441406,-60.4232177734375
-0.8116252422332764,0.16962631046772,1.8966310024261477,248.7015686035156,22.3328857421875,107.4775848388672,139.78555297851562,26.01182174682617,10.89875316619873,28.20279884338379,10.900103569030762,1.7771549224853516,12.594890594482422,0.1618212689645588,22,se3_log_map,0.5966768264770508,1.840583324432373,-0.6611946821212769,-0.7055320143699646,240.4085998535156,178.4296112060547,-60.444297790527344
-0.8117217421531677,0.1699033826589584,1.897222876548767,248.6064453125,22.13164520263672,107.6479034423828,140.8263702392578,26.27733612060547,10.673578262329102,28.36236572265625,10.674931526184082,1.7172926664352417,12.553410530090332,0.16090430598706,22,se3_log_map,0.5992614030838013,1.841200590133667,-0.6613883376121521,-0.7057262659072876,240.4361572265625,178.47564697265625,-60.18941116333008
-0.8117047548294067,0.1705324351787567,1.8982421159744265,248.29319763183597,21.650245666503903,108.07127380371094,141.88185119628906,26.810474395751957,10.123727798461914,28.658184051513672,10.12508773803711,1.9685735702514648,12.45833683013916,0.1614611400291323,22,se3_log_map,0.5982967615127563,1.8423551321029663,-0.6614512205123901,-0.7060821652412415,240.4295196533203,178.57167053222656,-59.44967651367188
-0.8120406270027161,0.171023353934288,1.8986973762512207,248.4228057861328,21.36957550048828,108.3740005493164,142.55853271484375,27.114591598510746,9.78174114227295,28.82505226135254,9.78309726715088,2.3388800621032715,12.389113426208496,0.1625909968279302,22,se3_log_map,0.5939396023750305,1.8428701162338257,-0.6616795063018799,-0.7066615223884583,240.70635986328125,178.79373168945312,-59.152809143066406
-0.8116756677627563,0.1707853227853775,1.8982455730438232,248.2866973876953,21.362689971923828,108.04098510742188,143.44708251953125,26.915441513061523,10.094803810119627,28.746238708496094,10.096161842346191,2.041836261749268,12.47891902923584,0.1648796899244189,22,se3_log_map,0.5959753394126892,1.842451810836792,-0.6612669825553894,-0.7062976360321045,240.5322723388672,178.3909149169922,-59.2039909362793
-0.8122416734695435,0.1703122109174728,1.8974509239196775,248.9001617431641,21.613513946533203,107.69766235351562,144.4429473876953,26.47431945800781,10.541890144348145,28.49598503112793,10.543254852294922,1.8163995742797847,12.520617485046388,0.1612466950900852,22,se3_log_map,0.5946745872497559,1.8414398431777956,-0.6617394089698792,-0.7063982486724854,240.9185943603516,178.33853149414062,-59.92548751831055
-0.8123102188110352,0.1700529158115387,1.8971285820007324,249.06761169433597,21.607032775878903,107.47811126708984,145.236083984375,26.277610778808597,10.776410102844238,28.401477813720703,10.7777681350708,1.7947264909744265,12.550891876220703,0.1621910659596324,22,se3_log_map,0.6019878387451172,1.8410403728485107,-0.6618179082870483,-0.7062711119651794,241.0415802001953,178.13291931152344,-60.11741638183594
-0.8119479417800903,0.1702345013618469,1.897335767745972,248.822265625,21.34778213500977,107.3578643798828,145.97109985351562,26.428634643554688,10.813007354736328,28.555105209350582,10.814397811889648,1.6028528213500977,12.612088203430176,0.1594292582012713,22,se3_log_map,0.5953382253646851,1.841370105743408,-0.6614518165588379,-0.7061581611633301,240.90744018554688,177.7972412109375,-59.82551574707031
-0.8128525018692017,0.1707430332899093,1.8978307247161863,249.28504943847656,21.052879333496094,107.79602813720705,146.97756958007812,26.720495223999023,10.403850555419922,28.674467086791992,10.405224800109863,2.0430026054382324,12.499571800231934,0.1625987286679446,22,se3_log_map,0.5925880074501038,1.8418059349060056,-0.662234902381897,-0.7071176767349243,241.51351928710935,178.24795532226562,-59.663700103759766
-0.8124879598617554,0.1706193387508392,1.897748351097107,248.98489379882807,20.86836242675781,107.52322387695312,148.04092407226562,26.666513442993164,10.598432540893556,28.695466995239254,10.599817276000977,1.7355564832687378,12.56466293334961,0.1634239302948117,22,se3_log_map,0.5917244553565979,1.8417659997940063,-0.6619229316711426,-0.7067815661430359,241.28065490722656,177.75917053222656,-59.48604583740234
-0.8128791451454163,0.1706586480140686,1.8977437019348145,249.20079040527344,20.715576171875,107.51031494140624,149.02505493164062,26.661033630371094,10.623844146728516,28.69977188110352,10.62523078918457,1.7743767499923706,12.562636375427246,0.1606317940168082,22,se3_log_map,0.5930631160736084,1.841691493988037,-0.6622728109359741,-0.7070753574371338,241.53610229492188,177.72299194335938,-59.51253509521485
-0.8133856654167175,0.1708114892244339,1.897824764251709,249.44955444335935,20.501190185546875,107.61856842041016,149.83779907226562,26.72150421142578,10.536931037902832,28.72395896911621,10.53831386566162,1.9443553686141968,12.538126945495604,0.1612808173522353,22,se3_log_map,0.5904321670532227,1.841710448265076,-0.6627029180526733,-0.7075319886207581,241.8668212890625,177.79229736328125,-59.44449615478516
-0.8134385347366333,0.1709591448307037,1.898060917854309,249.36903381347656,20.239273071289062,107.69664001464844,150.7916259765625,26.84409523010254,10.42340850830078,28.796754837036133,10.42478847503662,1.9819211959838867,12.519734382629396,0.1639228444546461,22,se3_log_map,0.5919182300567627,1.8419663906097408,-0.6627714037895203,-0.707653284072876,241.92254638671875,177.69854736328125,-59.15862655639648
-0.8133074641227722,0.1707875728607177,1.897931456565857,249.2711181640625,20.163352966308597,107.45230865478516,151.51565551757812,26.74448585510254,10.641623497009276,28.78388023376465,10.643022537231444,1.7854050397872925,12.57498264312744,0.1613816563040018,22,se3_log_map,0.5906296372413635,1.8418164253234863,-0.6626919507980347,-0.7074356079101562,241.82907104492188,177.36056518554688,-59.17798614501953
-0.8139902353286743,0.1703757345676422,1.8971935510635376,249.84132385253903,20.39527130126953,107.10416412353516,152.433837890625,26.34514045715332,11.106206893920898,28.5904598236084,11.10759449005127,1.9118680953979488,12.662571907043455,0.1624450720846653,22,se3_log_map,0.5914677977561951,1.840851902961731,-0.6632639169692993,-0.7076582312583923,242.17681884765625,177.29443359375,-59.8900146484375
-0.8141937851905823,0.1700572818517685,1.8965791463851929,250.0762634277344,20.556373596191406,106.60923767089844,152.8377685546875,26.03952980041504,11.652161598205566,28.527708053588867,11.653566360473633,2.182459115982056,12.810665130615234,0.1617140001617372,22,se3_log_map,0.5993931889533997,1.8401354551315308,-0.663373589515686,-0.7076274752616882,242.2225341796875,176.95108032226562,-60.42775344848633
-0.8141719698905945,0.1703532189130783,1.8968769311904907,249.9201812744141,20.297401428222656,106.53335571289062,153.79100036621094,26.242660522460938,11.671687126159668,28.72117042541504,11.673121452331545,1.9553831815719604,12.877869606018066,0.1593240541405975,22,se3_log_map,0.6008589267730713,1.84051525592804,-0.6633060574531555,-0.7078241109848022,242.16632080078125,176.7103729248047,-60.2040901184082
-0.8150110840797424,0.1712059825658798,1.8978114128112795,250.1057586669922,19.80195617675781,107.10205841064452,154.96839904785156,26.81887435913086,11.132701873779297,29.0377197265625,11.13412094116211,2.0557568073272705,12.818739891052246,0.1630824622698128,22,se3_log_map,0.5945593118667603,1.8414865732192995,-0.6640162467956543,-0.7089661359786987,242.62229919433597,177.1313018798828,-59.69000244140625
-0.8148708939552307,0.1718019992113113,1.8986669778823853,249.72195434570312,19.29686737060547,107.34417724609376,156.01393127441406,27.30323600769043,10.80924129486084,29.36505699157715,10.810693740844728,2.0123581886291504,12.806400299072266,0.1593722011893987,22,se3_log_map,0.5919631719589233,1.8425064086914065,-0.6639074087142944,-0.7092452049255371,242.52793884277344,177.01309204101562,-58.97911834716797
-0.8149261474609375,0.1725116819143295,1.899451851844788,249.543212890625,18.89879608154297,107.70817565917967,156.43975830078125,27.809818267822266,10.431188583374023,29.701780319213867,10.432658195495604,2.468957662582397,12.78685474395752,0.1639856570400297,22,se3_log_map,0.5946564078330994,1.8434587717056277,-0.6638835072517395,-0.7097733616828918,242.58506774902344,177.15940856933594,-58.39226150512695
-0.8151000142097473,0.1730759590864181,1.899468183517456,249.68606567382807,18.749855041503903,107.94441223144533,156.92735290527344,28.04042625427246,10.238394737243652,29.85113525390625,10.239860534667969,2.847228765487671,12.81887149810791,0.1628708690404892,22,se3_log_map,0.5971159338951111,1.843632221221924,-0.6637071967124939,-0.7104085087776184,242.79200744628903,177.4184112548828,-58.18477249145508
-0.8144864439964294,0.1728854477405548,1.898496389389038,249.6295928955078,18.99555969238281,107.47467803955078,158.2800750732422,27.713180541992188,10.671987533569336,29.69700050354004,10.67347240447998,2.314760208129883,12.963128089904783,0.1617959500290453,22,se3_log_map,0.5980240106582642,1.842808485031128,-0.6627823114395142,-0.7100375890731812,242.5381774902344,177.07107543945312,-58.48518753051758
-0.8142526149749756,0.1722539961338043,1.896905541419983,249.92840576171875,19.57240295410156,106.84114074707033,159.56491088867188,27.03470230102539,11.343297004699709,29.31800842285156,11.344793319702148,1.782084822654724,13.117094993591309,0.161341322120279,22,se3_log_map,0.5971727967262268,1.841183423995972,-0.6622114181518555,-0.7096371650695801,242.43832397460935,176.8282928466797,-59.33850860595703
-0.8145507574081421,0.1720258593559265,1.8960481882095337,250.38352966308597,19.95978546142578,106.70578002929688,160.0993194580078,26.704763412475582,11.589350700378418,29.11112403869629,11.590798377990724,2.13604998588562,13.165621757507324,0.1641602660529315,22,se3_log_map,0.591498851776123,1.8402562141418457,-0.6622425317764282,-0.7098035216331482,242.6462860107422,177.05372619628906,-59.92179489135742
-0.813884973526001,0.1716625839471817,1.8956217765808103,250.07620239257807,20.189308166503903,106.31292724609376,160.94229125976562,26.46902275085449,11.912291526794434,29.026058197021484,11.913777351379396,1.92922842502594,13.229283332824709,0.1608793940395116,22,se3_log_map,0.600756824016571,1.839882254600525,-0.6616305112838745,-0.7091206908226013,242.20816040039065,176.6726531982422,-60.105079650878906
-0.8136633038520813,0.1714158058166504,1.8956254720687864,249.85186767578125,20.26791381835937,106.12328338623048,161.1904296875,26.376266479492188,12.05698299407959,29.001352310180664,12.05848217010498,1.8784842491149905,13.238814353942873,0.1654402688145637,22,se3_log_map,0.590479850769043,1.8398470878601076,-0.6615731120109558,-0.7087454199790955,241.94786071777344,176.43934631347656,-60.17189025878906
-0.814690887928009,0.1717218160629272,1.8960129022598269,250.3257293701172,20.259117126464844,106.44598388671876,162.52786254882812,26.56294250488281,11.843521118164062,29.083654403686523,11.84498691558838,2.2547261714935303,13.19107723236084,0.1625609030015766,22,se3_log_map,0.5944152474403381,1.8400883674621584,-0.6625507473945618,-0.7096206545829773,242.4175720214844,176.94468688964844,-60.352783203125
-0.8150273561477661,0.172744944691658,1.8974690437316892,250.08932495117188,19.71910858154297,107.21351623535156,163.38949584960938,27.36258125305176,11.018318176269531,29.497699737548828,11.019779205322266,2.2805662155151367,13.05539608001709,0.1638892898336053,22,se3_log_map,0.5932826995849609,1.8417041301727293,-0.6629133224487305,-0.7104805707931519,242.55404663085935,177.42039489746094,-59.46245574951172
-0.8140357732772827,0.1733659505844116,1.898981094360352,249.00994873046875,19.12891387939453,107.52490997314452,163.75755310058594,28.057781219482425,10.51266384124756,29.96256446838379,10.51418399810791,2.5444252490997314,12.971430778503418,0.1598962969146669,22,se3_log_map,0.5917506814002991,1.8435145616531368,-0.6622737646102905,-0.7100861668586731,241.89938354492188,177.0998077392578,-58.269630432128906
-0.8143824338912964,0.174311414361,1.9002413749694824,248.97006225585935,18.7220458984375,108.34239196777344,163.73248291015625,28.779726028442383,9.721172332763672,30.37719345092773,9.722667694091797,3.796641111373901,12.824715614318848,0.1598660638555884,22,se3_log_map,0.5999272465705872,1.844920873641968,-0.662605345249176,-0.7109240293502808,242.16783142089844,177.75331115722656,-57.53264617919922
-0.8146651983261108,0.1744747459888458,1.900120973587036,249.33578491210935,18.83367919921875,108.59886932373048,163.7487030029297,28.80552673339844,9.522842407226562,30.33880424499512,9.524311065673828,4.042171478271484,12.783576965332031,0.1652032230049371,22,se3_log_map,0.6097140312194824,1.844806790351868,-0.6627202033996582,-0.7112865447998047,242.48681640625,178.20164489746094,-57.65113067626953
-0.8133503198623657,0.1737266033887863,1.8987317085266116,249.0597076416016,19.32462310791016,107.91024780273438,166.47900390625,28.16554832458496,10.134279251098633,29.933290481567383,10.135774612426758,2.922646760940552,12.912867546081545,0.1621009018272161,22,se3_log_map,0.5975565910339355,1.8435567617416384,-0.6612721681594849,-0.7100260853767395,241.9191131591797,177.63931274414062,-58.07409286499024
-0.812454104423523,0.1725301295518875,1.8964430093765257,249.37677001953125,20.233062744140625,106.848876953125,167.84927368164062,27.112911224365234,11.25749969482422,29.35713577270508,11.259008407592772,1.6852703094482422,13.165375709533691,0.1601979951374232,22,se3_log_map,0.5897247195243835,1.8412388563156128,-0.6600927114486694,-0.708813488483429,241.63633728027344,177.10086059570312,-59.34334182739258
-0.8129234313964844,0.1718305349349975,1.8946995735168457,250.402099609375,21.02772521972656,106.47911834716795,168.08663940429688,26.355119705200195,11.905902862548828,28.91959571838379,11.907360076904297,2.375891923904419,13.27265167236328,0.1605145190842449,22,se3_log_map,0.5961349606513977,1.839300751686096,-0.660172700881958,-0.7088421583175659,242.1481475830078,177.45632934570312,-60.62636566162109
-0.8122225999832153,0.171627476811409,1.8938854932785036,250.3622894287109,21.26372528076172,106.25959014892578,169.0106201171875,26.111478805541992,12.140437126159668,28.795825958251957,12.141907691955566,2.390723466873169,13.350581169128418,0.161079014185816,22,se3_log_map,0.5957679152488708,1.8386342525482176,-0.6592484712600708,-0.7083668112754822,241.97415161132807,177.34144592285156,-60.76786422729492
-0.8108976483345032,0.171700969338417,1.8937253952026367,249.66883850097656,21.16199111938477,106.0745620727539,169.20928955078125,26.19590759277344,12.162971496582031,28.88188934326172,12.164475440979004,1.8107414245605469,13.428223609924316,0.1616872558370232,22,se3_log_map,0.5984534025192261,1.8387938737869265,-0.6578546762466431,-0.7075991034507751,241.36558532714844,176.8833770751953,-60.276737213134766
-0.8113481998443604,0.172476053237915,1.8943514823913572,249.9215087890625,20.90990447998047,106.64045715332033,171.77532958984375,26.6414794921875,11.627458572387695,29.06830596923828,11.62894344329834,1.7691513299942017,13.347756385803224,0.1598113281652331,22,se3_log_map,0.5879745483398438,1.839539885520935,-0.6580929160118103,-0.70848149061203,241.7764892578125,177.4515838623047,-59.915863037109375
-0.8121213912963867,0.1733174324035644,1.89524519443512,250.2919921875,20.601486206054688,107.32735443115234,171.6213836669922,27.164913177490234,11.012690544128418,29.31231689453125,11.014152526855469,2.391637086868286,13.23677921295166,0.1599897630512714,22,se3_log_map,0.5912774205207825,1.8404847383499143,-0.6587247848510742,-0.709580659866333,242.33938598632807,178.149169921875,-59.55599594116211
-0.8111463785171509,0.1738285571336746,1.8961777687072756,249.4916229248047,20.17829132080078,107.44882202148438,173.56222534179688,27.669921875,10.684346199035645,29.66108512878418,10.685847282409668,2.3070852756500244,13.236746788024902,0.1602040319703519,22,se3_log_map,0.5936044454574585,1.8417212963104248,-0.6578993201255798,-0.7092186212539673,241.82113647460935,177.81463623046875,-58.69993591308594
-0.8106458187103271,0.1741998791694641,1.896777629852295,249.11294555664065,19.940696716308597,107.5752410888672,173.38621520996094,28.00750732421875,10.48318576812744,29.9051456451416,10.484702110290527,2.705666303634644,13.238384246826172,0.1613873187452554,22,se3_log_map,0.5918915271759033,1.8425042629241943,-0.6574632525444031,-0.709108829498291,241.600830078125,177.7141876220703,-58.2263298034668
-0.8114144206047058,0.1741496324539184,1.896797776222229,249.6377410888672,20.111114501953125,107.72645568847656,175.07077026367188,27.94154930114746,10.436378479003906,29.82697296142578,10.437878608703612,2.628232717514038,13.191454887390137,0.1618808270432055,22,se3_log_map,0.5908642411231995,1.8423432111740112,-0.6582444310188293,-0.7095616459846497,242.0242156982422,178.12472534179688,-58.62742233276367
-0.811735987663269,0.1738173216581344,1.8963677883148196,249.9873504638672,20.409645080566406,107.61166381835938,175.52784729003906,27.67525291442871,10.646296501159668,29.65237617492676,10.647789001464844,2.509068250656128,13.20159912109375,0.1639389973133802,22,se3_log_map,0.5968203544616699,1.8417668342590328,-0.658562183380127,-0.7095546126365662,242.1944122314453,178.26429748535156,-59.126583099365234
-0.8107443451881409,0.1730932593345642,1.895584225654602,249.53579711914065,20.6824951171875,107.03431701660156,177.174560546875,27.242244720458984,11.14273452758789,29.4329833984375,11.144240379333496,1.8100706338882449,13.298792839050291,0.1602146620862186,22,se3_log_map,0.5873926281929016,1.841009497642517,-0.6576969027519226,-0.7083974480628967,241.59375,177.6348876953125,-59.32497024536133
-0.8105570077896118,0.1725360304117202,1.8950562477111816,249.50314331054688,20.94491958618164,106.75332641601562,177.5858612060547,26.892906188964844,11.442806243896484,29.226123809814453,11.44431209564209,1.6488603353500366,13.321422576904297,0.1609845389612019,22,se3_log_map,0.5990867614746094,1.8403732776641848,-0.6576206684112549,-0.707868754863739,241.4203338623047,177.4434051513672,-59.6504020690918
-0.8112738132476807,0.1719136834144592,1.894503474235535,249.97972106933597,21.307228088378903,106.63923645019533,178.68174743652344,26.44473648071289,11.696653366088867,28.916015625,11.698127746582031,1.9408587217330933,13.273120880126951,0.162267021369189,22,se3_log_map,0.5953235626220703,1.8395004272460935,-0.6584435105323792,-0.7078784704208374,241.6895294189453,177.6324005126953,-60.31191635131836
-0.8118305206298828,0.1716932654380798,1.8946845531463623,250.15711975097656,21.37850570678711,106.75477600097656,178.95387268066406,26.35824203491211,11.63551139831543,28.81218719482422,11.636954307556152,2.1867053508758545,13.182475090026855,0.1588370366953313,22,se3_log_map,0.5944228172302246,1.8394720554351809,-0.6592005491256714,-0.7080008387565613,241.85086059570312,177.8213348388672,-60.4855842590332
-0.8113464117050171,0.1714432686567306,1.8953465223312376,249.4724578857422,21.15421295166016,106.69065856933594,180.24755859375,26.44917869567871,11.527549743652344,28.85209846496582,11.52901554107666,1.683796525001526,13.119010925292969,0.1634921771474182,22,se3_log_map,0.5903382897377014,1.840094804763794,-0.6591975092887878,-0.7073104977607727,241.349609375,177.3765411376953,-60.03693008422852
-0.8117175698280334,0.1715673059225082,1.8965349197387693,249.250732421875,20.861846923828125,106.96478271484376,181.2239227294922,26.778657913208008,11.184154510498049,29.02037048339844,11.1856107711792,1.6227525472640991,12.992225646972656,0.1637364500202238,22,se3_log_map,0.5931075215339661,1.8411470651626587,-0.6600274443626404,-0.7074165344238281,241.33872985839844,177.41143798828125,-59.68977737426758
-0.8129899501800537,0.1717287898063659,1.89750337600708,249.65467834472656,20.691482543945312,107.44046020507812,182.3732452392578,27.029438018798828,10.769893646240234,29.0960693359375,10.771324157714844,2.065269708633423,12.81237506866455,0.1592755280435085,22,se3_log_map,0.5886020660400391,1.8418183326721191,-0.661600649356842,-0.7081940770149231,241.86512756347656,177.92117309570312,-59.70327377319336
-0.8134565353393555,0.1718925088644027,1.8985755443573,249.51971435546875,20.399078369140625,107.7801742553711,182.9489288330078,27.365314483642575,10.38243007659912,29.2686767578125,10.383848190307615,2.2893526554107666,12.676569938659668,0.1595524149015545,22,se3_log_map,0.599330484867096,1.842756748199463,-0.6624454855918884,-0.7084228992462158,241.94253540039065,178.05319213867188,-59.351863861083984
-0.8128939867019653,0.1717869788408279,1.8993911743164065,248.8447723388672,20.10997009277344,107.757080078125,183.74566650390625,27.572355270385746,10.27505111694336,29.4246768951416,10.276496887207031,2.2274515628814697,12.628443717956545,0.1620900076813995,22,se3_log_map,0.5953291654586792,1.8435871601104736,-0.6623476147651672,-0.7077822685241699,241.4821319580078,177.62530517578125,-58.824684143066406
-0.813190758228302,0.1715576499700546,1.8997161388397217,248.8875732421875,20.114479064941406,107.7926025390625,184.83370971679688,27.55776596069336,10.245765686035156,29.400787353515625,10.247212409973145,2.2009518146514893,12.564915657043455,0.1597953899763524,22,se3_log_map,0.597500741481781,1.843741774559021,-0.6629273891448975,-0.7076936960220337,241.54205322265625,177.64590454101562,-58.9110107421875
-0.8140961527824402,0.1712208539247512,1.89971387386322,249.4519500732422,20.331863403320312,107.86489868164062,185.57302856445312,27.386558532714844,10.280885696411133,29.2526969909668,10.282299995422363,2.2822768688201904,12.490715980529783,0.1600817311555147,22,se3_log_map,0.5955484509468079,1.84342896938324,-0.6640089750289917,-0.707973062992096,241.98106384277344,177.98226928710938,-59.44846725463867
-0.8140464425086975,0.1708445101976394,1.899606704711914,249.50103759765625,20.48204803466797,107.67864990234376,186.72596740722656,27.2065544128418,10.485848426818848,29.15732765197754,10.487255096435549,2.1342320442199707,12.50092315673828,0.1609626351855695,22,se3_log_map,0.5929421782493591,1.8432111740112305,-0.6641454100608826,-0.7076132893562317,241.94322204589844,177.85482788085938,-59.71371841430664
-0.8131659030914307,0.1703632175922393,1.899333477020264,249.02294921875,20.579864501953125,107.2311553955078,187.4835968017578,26.97103309631348,10.85708999633789,29.07427024841309,10.858522415161133,1.6773386001586914,12.583121299743652,0.1608181949704885,22,se3_log_map,0.5980839133262634,1.84298312664032,-0.6634700298309326,-0.7066478729248047,241.4122009277344,177.2644805908203,-59.7290153503418
-0.8133291006088257,0.1700911372900009,1.899258375167847,249.16302490234372,20.73249053955078,107.11416625976562,188.61073303222656,26.833606719970703,11.008811950683594,29.00407600402832,11.01025104522705,1.689503192901611,12.586051940917969,0.1645602150820195,22,se3_log_map,0.5927259922027588,1.8427847623825075,-0.6637616753578186,-0.7065175771713257,241.4602813720703,177.25205993652344,-60.02420425415039
-0.8141245245933533,0.1700214743614196,1.8992466926574707,249.67550659179688,20.879867553710938,107.23210144042967,189.21807861328125,26.77078056335449,10.999537467956545,28.94243621826172,11.00095272064209,2.126303672790528,12.540401458740234,0.1590607888065278,22,se3_log_map,0.5927979946136475,1.842578887939453,-0.6645662188529968,-0.7069759964942932,241.87620544433597,177.6099853515625,-60.4233512878418
-0.8140888810157776,0.1699440777301788,1.89946448802948,249.5970001220703,20.8121337890625,107.21734619140624,190.34115600585935,26.803878784179688,10.9903564453125,28.96957015991211,10.991779327392578,2.039950132369995,12.524554252624512,0.1600856520235538,22,se3_log_map,0.5925396680831909,1.842759370803833,-0.6646810173988342,-0.7068338394165039,241.8415679931641,177.51583862304688,-60.360050201416016
-0.8136278390884399,0.1699885725975036,1.8999412059783936,249.19503784179688,20.576377868652344,107.18949127197266,191.34495544433597,26.977161407470703,10.92270851135254,29.104516983032227,10.924169540405272,1.7207046747207642,12.522591590881348,0.1609272030182182,22,se3_log_map,0.5972886681556702,1.8433102369308472,-0.6644300222396851,-0.7064710855484009,241.58831787109372,177.21717834472656,-59.97706604003906
-0.8137238025665283,0.1700019538402557,1.9002896547317505,249.124267578125,20.4393310546875,107.21952056884766,192.07257080078125,27.08043098449707,10.869474411010742,29.18039321899414,10.870924949645996,1.7105451822280884,12.500386238098145,0.1592427161522209,22,se3_log_map,0.5990659594535828,1.843613147735596,-0.6646758317947388,-0.7064714431762695,241.5951232910156,177.14036560058594,-59.85904693603516
-0.814601480960846,0.1701045781373977,1.900704264640808,249.5437469482422,20.37590789794922,107.43240356445312,193.2123870849609,27.213764190673828,10.725069046020508,29.250917434692383,10.726500511169434,2.018465995788574,12.439132690429688,0.1601443900726735,22,se3_log_map,0.597750186920166,1.843839406967163,-0.6656504273414612,-0.707051694393158,242.0355682373047,177.45274353027344,-60.02659225463867
-0.8149623274803162,0.1700085550546646,1.9012336730957031,249.6273651123047,20.260292053222656,107.44673919677734,194.0352783203125,27.32434463500977,10.717910766601562,29.35120964050293,10.719362258911133,2.088656187057495,12.410392761230469,0.1608130130916834,22,se3_log_map,0.6006274223327637,1.844212770462036,-0.6663039922714233,-0.7070841193199158,242.17567443847656,177.40406799316406,-60.06948852539063
-0.8146076202392578,0.169651985168457,1.90152645111084,249.28582763671875,20.14014434814453,107.09849548339844,194.64100646972656,27.282848358154297,10.990965843200684,29.413522720336918,10.992453575134276,1.7683902978897097,12.457012176513672,0.1595144043676555,22,se3_log_map,0.5946433544158936,1.8444334268569944,-0.6663191914558411,-0.7064568996429443,241.8797607421875,176.83322143554688,-60.027950286865234
-0.8150001764297485,0.1696914136409759,1.9020591974258425,249.37966918945312,19.964576721191406,107.21017456054688,195.8490447998047,27.450658798217773,10.887065887451172,29.530780792236328,10.888551712036133,1.8397246599197388,12.417290687561035,0.1602188390679657,22,se3_log_map,0.5963323712348938,1.8448498249053955,-0.6669206619262695,-0.7066351175308228,242.06765747070312,176.86375427246094,-59.96076583862305
-0.8157555460929871,0.1698920577764511,1.902493953704834,249.7552032470703,19.813941955566406,107.45529174804688,196.72259521484372,27.64743423461914,10.711604118347168,29.64994430541992,10.713071823120115,2.1494505405426025,12.378994941711426,0.1588587258011102,22,se3_log_map,0.5985082983970642,1.845154047012329,-0.6677268147468567,-0.7072216272354126,242.51109313964844,177.14927673339844,-59.993648529052734
-0.8157601952552795,0.1696326583623886,1.902557134628296,249.67660522460935,19.720626831054688,107.31851959228516,197.81570434570312,27.56689071655273,10.826905250549316,29.616809844970703,10.828377723693848,2.014564752578736,12.37779712677002,0.1599816782400012,22,se3_log_map,0.5950764417648315,1.8451206684112549,-0.6679218411445618,-0.7069692611694336,242.47239685058597,176.89747619628906,-59.97950744628906
-0.8157562017440796,0.1693060994148254,1.9026126861572263,249.5644989013672,19.6632080078125,107.11207580566406,198.37391662597656,27.4587345123291,11.00680923461914,29.582632064819336,11.008295059204102,1.8876529932022093,12.386820793151855,0.163897112943232,22,se3_log_map,0.5903058052062988,1.845058560371399,-0.668146550655365,-0.7066503167152405,242.3760528564453,176.58326721191406,-60.02672576904297
-0.816262423992157,0.1693282425403595,1.903043508529663,249.7171173095703,19.48622131347656,107.3245620727539,199.5931396484375,27.595949172973636,10.826147079467772,29.64358329772949,10.827614784240724,2.021446228027344,12.320030212402344,0.1599040827713906,22,se3_log_map,0.5939357876777649,1.845350742340088,-0.668821394443512,-0.706908106803894,242.63836669921875,176.7283935546875,-59.92448806762695
-0.8166329860687256,0.1690817475318908,1.9029111862182615,249.86090087890625,19.455596923828125,107.30363464355467,200.45880126953125,27.456520080566406,10.876554489135742,29.53235626220703,10.878005027770996,2.103868007659912,12.29436492919922,0.1601538676768541,22,se3_log_map,0.5919764041900635,1.8450632095336916,-0.6692705154418945,-0.7069490551948547,242.788818359375,176.70384216308594,-60.02108001708984
-0.8166460394859314,0.1688685119152069,1.9026854038238523,249.7863006591797,19.37812042236328,107.19091033935548,201.2270050048828,27.303489685058597,10.971444129943848,29.42538452148437,10.97288703918457,1.9965969324111936,12.293635368347168,0.1616074759513139,22,se3_log_map,0.5877314805984497,1.84477972984314,-0.669310450553894,-0.7068079113960266,242.7444000244141,176.498779296875,-59.97368621826172
-0.8168163299560547,0.1687563359737396,1.9026269912719729,249.78858947753903,19.214324951171875,107.27175903320312,202.1779327392578,27.24092102050781,10.895384788513184,29.339006423950195,10.896809577941896,1.9687808752059937,12.248085975646973,0.1604903182014823,22,se3_log_map,0.5886622071266174,1.844650149345398,-0.669517457485199,-0.7068272829055786,242.8443756103516,176.46238708496094,-59.79872894287109
-0.8172274827957153,0.1687877476215362,1.902675747871399,249.9548492431641,19.03392791748047,107.4880828857422,203.06773376464844,27.26656723022461,10.726089477539062,29.300424575805664,10.727486610412598,2.0970335006713867,12.197154998779297,0.1612251629121601,22,se3_log_map,0.5969324111938477,1.844616174697876,-0.6699172258377075,-0.7071145176887512,243.11813354492188,176.6160430908203,-59.63915252685547
-0.8173294067382812,0.1685606688261032,1.9024499654769895,249.97415161132807,18.972320556640625,107.4477310180664,204.0401763916016,27.10790634155273,10.77238655090332,29.169898986816406,10.773781776428224,2.0600202083587646,12.17812728881836,0.1617766381241381,22,se3_log_map,0.5913550853729248,1.8443084955215452,-0.6700515747070312,-0.7070185542106628,243.1672515869141,176.51544189453125,-59.61436462402344
-0.8173779249191284,0.1682188659906387,1.9020655155181885,249.97189331054688,18.94596099853516,107.37723541259766,204.88856506347656,26.85511779785156,10.841703414916992,28.96100807189941,10.8430757522583,2.0022103786468506,12.145519256591797,0.1612958060577511,22,se3_log_map,0.586085319519043,1.8438268899917605,-0.6701316833496094,-0.7068154811859131,243.18096923828125,176.38638305664062,-59.60706329345703
-0.8175453543663025,0.1682711690664291,1.901993751525879,250.0464630126953,18.811996459960938,107.54237365722656,205.7994537353516,26.852170944213867,10.70574188232422,28.90764808654785,10.707098960876465,2.052419662475586,12.110901832580566,0.1668367837555706,22,se3_log_map,0.5914472341537476,1.843742847442627,-0.6702274680137634,-0.7069892883300781,243.33970642089844,176.49313354492188,-59.43018341064453
-0.8175432682037354,0.1679709106683731,1.9015514850616453,250.0398101806641,18.807037353515625,107.4992218017578,206.76095581054688,26.59722900390625,10.746352195739746,28.68617820739746,10.747684478759766,1.99614679813385,12.07364273071289,0.1627565021626651,22,se3_log_map,0.587480902671814,1.843234062194824,-0.6702060699462891,-0.7068045139312744,243.3425750732422,176.40835571289062,-59.40682601928711
-0.8176215887069702,0.1679244041442871,1.9013572931289675,250.04676818847656,18.716964721679688,107.6381607055664,207.58775329589844,26.518054962158203,10.619214057922363,28.56527709960937,10.620521545410156,2.0017242431640625,12.019047737121582,0.1608043066225946,22,se3_log_map,0.5910671353340149,1.8430231809616089,-0.6702201962471008,-0.7068547010421753,243.42051696777344,176.48507690429688,-59.230262756347656
-0.8175155520439148,0.1676327437162399,1.900874137878418,249.94302368164065,18.73896789550781,107.55477905273438,208.4374084472656,26.25420188903809,10.674560546875,28.3413028717041,10.67585563659668,1.886439323425293,11.98247241973877,0.1601060749962926,22,se3_log_map,0.5906558632850647,1.84250283241272,-0.6700747013092041,-0.7066190838813782,243.3140106201172,176.3529815673828,-59.192909240722656
-0.8177101612091064,0.1675578653812408,1.900564432144165,250.02056884765625,18.7515869140625,107.63871002197266,209.4302215576172,26.128087997436523,10.610108375549316,28.200204849243164,10.611377716064451,1.9533683061599727,11.94418239593506,0.160567354876548,22,se3_log_map,0.5907120704650879,1.8421509265899656,-0.6701648831367493,-0.7067440748214722,243.3953399658203,176.46298217773438,-59.17885208129883
-0.8180134892463684,0.167466402053833,1.9003485441207888,250.13137817382807,18.76953125,107.74262237548828,210.1322479248047,26.02536392211914,10.53499698638916,28.076784133911133,10.536247253417969,2.077150583267212,11.89833164215088,0.158762521110475,22,se3_log_map,0.5900604128837585,1.84185528755188,-0.670413613319397,-0.706904411315918,243.50933837890625,176.6044158935547,-59.19858551025391
-0.8177764415740967,0.1671352237462997,1.8999910354614256,249.90304565429688,18.814979553222656,107.59151458740234,211.0285186767578,25.785688400268555,10.62493133544922,27.888904571533203,10.626174926757812,1.8722881078720093,11.86062240600586,0.1612207260914147,22,se3_log_map,0.5885564684867859,1.841464281082153,-0.6702247262001038,-0.7065190076828003,243.27008056640625,176.37841796875,-59.16593933105469
-0.817822277545929,0.1669367998838424,1.8997153043746948,249.86505126953125,18.84171295166016,107.5777587890625,211.8397674560547,25.622997283935547,10.628291130065918,27.739839553833008,10.62951946258545,1.8493942022323608,11.8211088180542,0.1596334050409495,22,se3_log_map,0.589435875415802,1.8411327600479128,-0.6702641248703003,-0.7064244747161865,243.22982788085935,176.3497314453125,-59.16096496582031
-0.8182838559150696,0.1668940335512161,1.899740219116211,250.0379638671875,18.791900634765625,107.81932067871094,212.87928771972656,25.614503860473636,10.43654727935791,27.659074783325195,10.437755584716797,2.031550168991089,11.743453025817873,0.1611009268090129,22,se3_log_map,0.5874766111373901,1.8410394191741943,-0.6707468032836914,-0.7066812515258789,243.4588165283203,176.60494995117188,-59.10893249511719
-0.8182879686355591,0.166874811053276,1.8998181819915767,249.92469787597656,18.690017700195312,107.9472198486328,213.76174926757807,25.63130760192871,10.292943000793455,27.62080383300781,10.294146537780762,1.9663900136947632,11.681328773498535,0.1601741560734808,22,se3_log_map,0.5906046628952026,1.841103434562683,-0.6707991361618042,-0.706649124622345,243.43272399902344,176.63047790527344,-58.89469146728516
-0.8181446194648743,0.1667081713676452,1.8998342752456665,249.6885681152344,18.62354278564453,108.00599670410156,214.60128784179688,25.57137489318848,10.18856716156006,27.526391983032227,10.189760208129885,1.827999472618103,11.599044799804688,0.1584256240166723,22,se3_log_map,0.5911546945571899,1.8410907983779907,-0.6707718372344971,-0.706396758556366,243.27525329589844,176.55499267578125,-58.67575454711914
-0.8183237910270691,0.1665327399969101,1.899783730506897,249.69444274902344,18.651824951171875,108.0942153930664,215.52688598632807,25.48819351196289,10.101618766784668,27.416980743408203,10.102776527404783,1.868113398551941,11.528153419494627,0.1598406108096242,22,se3_log_map,0.5904327630996704,1.8409441709518437,-0.6710298657417297,-0.706361711025238,243.2954864501953,176.64163208007812,-58.6701774597168
-0.818568229675293,0.1660866439342498,1.8994163274765012,249.790771484375,18.837371826171875,108.0038070678711,216.4748687744141,25.201683044433597,10.19741439819336,27.186616897583008,10.198562622070312,1.9354788064956665,11.477012634277344,0.1607691310346126,22,se3_log_map,0.5890013575553894,1.8403985500335691,-0.6713715195655823,-0.7061870098114014,243.3007049560547,176.64732360839844,-58.93983840942383
-0.8186706900596619,0.165741816163063,1.899163007736206,249.8054656982422,18.95641326904297,107.92713165283205,217.2715301513672,24.9894962310791,10.268682479858398,27.01704788208008,10.269820213317873,1.9720702171325684,11.434569358825684,0.16006132774055,22,se3_log_map,0.5908820629119873,1.8400238752365112,-0.6715665459632874,-0.7059887051582336,243.2617950439453,176.61068725585938,-59.09514617919922
-0.8186032772064209,0.1654456406831741,1.8991382122039795,249.63966369628903,19.01191711425781,107.82859802246094,218.06954956054688,24.86695671081543,10.326911926269531,26.926023483276367,10.328045845031738,1.8784208297729488,11.391120910644531,0.1589122009463608,22,se3_log_map,0.5901015400886536,1.8399118185043333,-0.6716738343238831,-0.7056747078895569,243.08499145507807,176.46444702148438,-59.12757110595703
-0.8188906311988831,0.1653498411178589,1.8993608951568604,249.6654052734375,19.01189422607422,107.93629455566406,219.0663604736328,24.902442932128903,10.226969718933104,26.920673370361328,10.228082656860352,1.951032638549805,11.330833435058594,0.1598614379763603,22,se3_log_map,0.590682864189148,1.8400192260742188,-0.6721134185791016,-0.705724835395813,243.1366424560547,176.56851196289062,-59.13868713378906
-0.8192128539085388,0.165295273065567,1.8996930122375488,249.64227294921875,18.945335388183597,108.14118957519533,219.8933563232422,24.990642547607425,10.025239944458008,26.9265251159668,10.026361465454102,1.9958988428115845,11.23822021484375,0.1621324550360441,22,se3_log_map,0.5899192094802856,1.8402330875396729,-0.6726117730140686,-0.7058120965957642,243.19363403320312,176.71702575683594,-59.02243423461914
-0.8192420601844788,0.1653895080089569,1.900199294090271,249.42921447753903,18.79668426513672,108.35547637939452,220.8993225097656,25.18943977355957,9.781579971313477,27.0219783782959,9.782692909240724,1.916364073753357,11.153396606445312,0.1594273569062352,22,se3_log_map,0.5916495323181152,1.8407225608825684,-0.6728165149688721,-0.7058078050613403,243.11399841308597,176.78253173828125,-58.71562576293945
-0.819218635559082,0.165228322148323,1.9004931449890137,249.181884765625,18.74688720703125,108.43450927734376,0.538551926612854,25.22311782836914,9.662447929382324,27.01053047180176,9.66357421875,1.8321338891983032,2.9428117275238037,0.0,22,se3_log_map,0.5923150777816772,0.0,0.0,0.0,0.0,0.0,0.0
