alpha,beta,gamma,bx,by,bz,ncc,geo_r,geo_t,geo_d,geo_se3,fiducial,tre,time,idx,parameterization,ssim,alpha2,beta2,gamma2,bx2,by2,bz2
-0.9398871064186096,0.1189450621604919,1.8855371475219729,224.39378356933597,17.501510620117188,116.3732452392578,0.0419764220714569,60.52507400512695,23.270212173461918,64.84432983398438,23.284744262695312,11.396750450134276,32.38029098510742,0.1396220652386546,31,se3_log_map,0.6566040515899658,1.7790632247924805,-0.8088991045951843,-0.7456430792808533,224.27825927734372,176.0325927734375,-55.882301330566406
-0.9469977617263794,0.1245569065213203,1.8935776948928835,226.0475006103516,13.557655334472656,122.99480438232422,0.6937469840049744,65.12455749511719,22.848285675048828,69.01631927490234,22.863561630249023,13.93374729156494,33.057979583740234,0.1484008398838341,31,se3_log_map,0.6674327254295349,1.786563277244568,-0.8163990378379822,-0.7531431317329407,229.27825927734372,181.0326232910156,-50.88241958618164
-0.9496678113937378,0.1284921616315841,1.8984493017196653,225.8355255126953,10.820785522460938,127.24311065673828,1.2212551832199097,67.26831817626953,25.142370223999023,71.81340789794922,25.158130645751957,18.385778427124023,33.92351150512695,0.14880907908082,31,se3_log_map,0.6537798643112183,1.7917946577072144,-0.8191201686859131,-0.7571044564247131,231.47882080078125,183.8179931640625,-46.568939208984375
-0.9547693729400636,0.1316411942243576,1.900672435760498,229.37579345703125,10.856651306152344,129.5537109375,1.9258105754852293,70.20166778564453,23.21300506591797,73.93995666503906,23.226469039916992,24.96784210205078,33.518775939941406,0.1455233390443027,31,se3_log_map,0.6677292585372925,1.7936382293701172,-0.8232858180999756,-0.7626787424087524,235.02870178222656,187.5493621826172,-47.88574981689453
-0.9602397084236144,0.1358153969049453,1.905633568763733,233.1967010498047,10.596084594726562,132.13815307617188,2.8436779975891118,73.8992691040039,22.046594619750977,77.1177978515625,22.05758476257324,32.71670913696289,33.21832656860352,0.1454694280400872,31,se3_log_map,0.6721030473709106,1.798232078552246,-0.8286497592926025,-0.768639326095581,239.0254364013672,191.5707244873047,-49.32954025268555
-0.9662196636199952,0.1403596401214599,1.9112753868103027,235.4818572998047,8.308509826660156,136.74154663085938,3.6072070598602295,78.0870361328125,24.972389221191406,81.98295593261719,24.98349380493164,41.03499221801758,34.08457565307617,0.149334639776498,31,se3_log_map,0.6724931597709656,1.803426504135132,-0.8346934914588928,-0.7750608921051025,243.28977966308597,195.9178771972656,-47.13468933105469
-0.9660201072692872,0.1430286020040512,1.915785312652588,233.52371215820312,6.791587829589844,138.87461853027344,4.369504451751709,79.08323669433594,28.20642852783203,83.96285247802734,28.21934127807617,42.62630081176758,35.00118637084961,0.1463801199570298,31,se3_log_map,0.6869849562644958,1.8086073398590088,-0.8353263139724731,-0.7760972380638123,242.86412048339844,196.84434509277344,-43.915565490722656
-0.9621908664703368,0.1448536813259124,1.9200222492218015,229.944091796875,5.247978210449219,139.54714965820312,5.540787220001221,78.33726501464844,31.28616523742676,84.35372924804688,31.301591873168945,41.45872116088867,35.72004699707031,0.1445845621638,31,se3_log_map,0.6782349944114685,1.8142354488372805,-0.8328042030334473,-0.7741144299507141,240.67034912109372,195.6913299560547,-40.19643020629883
-0.9578871726989746,0.1466762423515319,1.9240193367004397,226.02197265625,3.54986572265625,140.06089782714844,5.993093967437744,77.4107666015625,34.724605560302734,84.84235382080078,34.74275207519531,40.94693374633789,36.52907943725586,0.1455232030712068,31,se3_log_map,0.6492441892623901,1.8197805881500244,-0.8296859264373779,-0.77191162109375,238.19305419921875,194.20162963867188,-36.16705322265625
-0.9588399529457092,0.1499855071306228,1.9290306568145752,226.1654357910156,2.5814361572265625,141.78602600097656,7.03851842880249,79.35804748535156,36.20439529418945,87.22647857666016,36.22347259521485,44.58709716796875,36.82366180419922,0.1449473733082413,31,se3_log_map,0.6526884436607361,1.8253295421600344,-0.8313301801681519,-0.7741695046424866,239.1759033203125,195.7968292236328,-35.01943588256836
-0.9616771936416626,0.1522809267044067,1.9312193393707275,227.65245056152344,2.2892074584960938,143.51275634765625,7.819392204284668,81.40788269042969,36.67105102539063,89.2861099243164,36.69004821777344,48.26368713378906,36.935184478759766,0.1457616039551794,31,se3_log_map,0.6622507572174072,1.827412843704224,-0.8339203000068665,-0.7774901986122131,241.0098571777344,198.1021728515625,-35.11701965332031
-0.963203489780426,0.1529964357614517,1.930073976516724,228.6942138671875,2.261146545410156,144.41339111328125,8.308075904846191,81.87710571289062,36.77364730834961,89.7561264038086,36.79204177856445,50.03416061401367,36.91071319580078,0.147480723913759,31,se3_log_map,0.661561131477356,1.8262650966644287,-0.8343901038169861,-0.7794589996337891,242.1202850341797,199.3920745849609,-35.15287780761719
-0.9623419642448424,0.1520643830299377,1.9270484447479248,228.13319396972656,2.0330047607421875,144.4819793701172,9.27214813232422,80.64656829833984,37.219482421875,88.82093811035156,37.2375602722168,49.438995361328125,36.99909973144531,0.1456773639656603,31,se3_log_map,0.6536791324615479,1.823450207710266,-0.8324931859970093,-0.7789109349250793,241.76776123046875,199.00830078125,-34.12462615966797
-0.9601643681526184,0.1507413685321808,1.9234408140182493,226.5744781494141,1.4999313354492188,144.4132537841797,10.259660720825195,78.65371704101562,38.254539489746094,87.4632339477539,38.27271270751953,48.20634841918945,37.23151779174805,0.1466083247214555,31,se3_log_map,0.653420090675354,1.8203320503234863,-0.8292453289031982,-0.7773240804672241,240.66928100585935,197.93539428710935,-32.1359977722168
-0.9580430388450624,0.1489270180463791,1.9184482097625728,225.847900390625,1.5810699462890625,143.61996459960938,10.8662691116333,76.34855651855469,38.079986572265625,85.31815338134766,38.09746551513672,46.06697463989258,37.06367874145508,0.1470850240439176,31,se3_log_map,0.6448356509208679,1.815761923789978,-0.8256235718727112,-0.7757055759429932,239.780517578125,196.6972198486328,-31.438913345336918
-0.9588059186935424,0.1471315324306488,1.9133427143096924,227.38577270507807,2.4272994995117188,143.0055389404297,11.97706127166748,75.43254089355469,36.400760650634766,83.75609588623047,36.41661071777344,44.82644271850586,36.54893112182617,0.1442316309548914,31,se3_log_map,0.6509749293327332,1.810272455215454,-0.8247278332710266,-0.7759824991226196,240.546875,196.81260681152344,-32.887413024902344
-0.9602947235107422,0.1454130560159683,1.9077825546264648,229.5775604248047,3.480384826660156,142.42100524902344,12.850897789001465,74.86735534667969,34.318580627441406,82.3582763671875,34.332523345947266,44.10325622558594,35.92665100097656,0.1486222231760621,31,se3_log_map,0.6620523929595947,1.804203987121582,-0.8242495059967041,-0.7769338488578796,241.77581787109372,197.30825805664065,-34.88412094116211
-0.9604455828666688,0.1437866538763046,1.9026455879211424,230.6690216064453,4.157508850097656,141.67477416992188,13.561558723449709,73.85258483886719,32.9025764465332,80.85037994384766,32.91532897949219,42.89223861694336,35.47575759887695,0.1467208191752433,31,se3_log_map,0.6689422130584717,1.7989280223846436,-0.8226566314697266,-0.7769932150840759,242.18609619140625,197.0955047607422,-35.937198638916016
-0.9592179656028748,0.1420992910861969,1.8979823589324951,230.48345947265625,4.4251251220703125,140.77206420898438,14.373577117919922,72.33222198486328,32.22869873046875,79.18737030029297,32.2410774230957,40.8194465637207,35.24467849731445,0.1455114898271858,31,se3_log_map,0.6775768995285034,1.7944347858428955,-0.8200361728668213,-0.7759700417518616,241.65577697753903,196.0804443359375,-35.93096923828125
-0.958557665348053,0.1414228826761245,1.894936800003052,230.35671997070312,4.446235656738281,140.15341186523438,14.99197769165039,71.46902465820312,31.85133934020996,78.24531555175781,31.863609313964844,39.54548263549805,35.1315803527832,0.1448916718363762,31,se3_log_map,0.6748007535934448,1.7916390895843506,-0.8182167410850525,-0.7757837772369385,241.34312438964844,195.35997009277344,-35.83005142211914
-0.9594605565071106,0.1423662155866623,1.894507884979248,230.6697998046875,4.037132263183594,140.752685546875,15.96562671661377,71.89623260498047,32.300296783447266,78.81863403320312,32.31249237060547,40.73763656616211,35.27971267700195,0.1484573758207261,31,se3_log_map,0.6673792600631714,1.7914049625396729,-0.8183011412620544,-0.7773591876029968,241.91693115234372,195.9247894287109,-35.32258987426758
-0.9610320329666138,0.144702523946762,1.89653754234314,230.78341674804688,3.006698608398437,142.36968994140625,16.83799934387207,73.1376953125,33.89372634887695,80.6095962524414,33.90629196166992,43.69757080078125,35.759212493896484,0.1465303390286862,31,se3_log_map,0.6717245578765869,1.793749451637268,-0.8194906115531921,-0.7799527645111084,242.87176513671875,197.2305908203125,-33.8989372253418
-0.9608654975891112,0.147039845585823,1.8986891508102417,229.69911193847656,1.7194747924804688,143.60232543945312,17.768198013305664,73.583740234375,35.94557571411133,81.89414978027344,35.95907211303711,45.60780334472656,36.31333923339844,0.1480353912338614,31,se3_log_map,0.6642313003540039,1.796693205833435,-0.8190888166427612,-0.7813875675201416,242.7980194091797,197.63096618652344,-31.642560958862305
-0.9596518874168396,0.1493018269538879,1.9004005193710327,228.0354156494141,0.3620223999023437,144.7366485595703,18.50580406188965,73.4748764038086,38.25883865356445,82.83898162841797,38.27328872680664,47.30470275878906,36.86449813842773,0.1473932918161153,31,se3_log_map,0.6569127440452576,1.7995082139968872,-0.8174997568130493,-0.7822037935256958,242.2150421142578,197.6967315673828,-28.88138008117676
-0.9589643478393556,0.1505827754735946,1.899677276611328,227.55604553222656,-0.1909027099609375,144.99586486816406,19.15802764892578,73.12635803222656,38.96224594116211,82.85843658447266,38.97675323486328,47.87331771850586,36.96535110473633,0.1444173790514469,31,se3_log_map,0.6554068326950073,1.7996041774749756,-0.8157117366790771,-0.7831431031227112,242.0319366455078,197.63124084472656,-27.78863906860352
-0.9598418474197388,0.1514455825090408,1.8976962566375728,228.6568756103516,-0.1397552490234375,145.1902618408203,20.09539794921875,73.28507232666016,38.5207633972168,82.7922134399414,38.53449249267578,48.58684158325195,36.76021957397461,0.1454966887831688,31,se3_log_map,0.6520164608955383,1.797971248626709,-0.8150062561035156,-0.7850614190101624,242.91879272460935,198.30517578125,-28.160968780517575
-0.959951877593994,0.1511393189430236,1.8946257829666135,229.78616333007807,0.2503738403320312,144.57481384277344,20.938640594482425,72.80712127685547,37.338661193847656,81.82330322265625,37.351524353027344,47.81675338745117,36.32860565185547,0.1488901721313595,31,se3_log_map,0.6550775766372681,1.795095443725586,-0.8136797547340393,-0.7857096791267395,243.49241638183597,198.2275848388672,-29.135662078857425
-0.9589185118675232,0.1501025110483169,1.8913042545318604,230.20237731933597,0.6069412231445312,143.6409912109375,21.925317764282227,71.70197296142578,36.29195785522461,80.36341857910156,36.30423355102539,46.14669799804688,35.910457611083984,0.1548204529099166,31,se3_log_map,0.6437996625900269,1.792006492614746,-0.8115625381469727,-0.7850128412246704,243.41650390625,197.4845123291016,-29.73025894165039
-0.957341730594635,0.1485989838838577,1.887736678123474,230.29330444335935,0.9740142822265624,142.5029754638672,22.66850471496582,70.29316711425781,35.25651550292969,78.63937377929688,35.268367767333984,43.92362594604492,35.48691177368164,0.1477961698547005,31,se3_log_map,0.6442570090293884,1.788651466369629,-0.8090816736221313,-0.7836003303527832,243.0238342285156,196.3798828125,-30.198339462280277
-0.9573595523834229,0.1470854580402374,1.884451150894165,231.2825469970703,1.5335845947265625,141.64447021484375,23.402027130126957,69.74530029296875,33.88299560546875,77.54007720947266,33.89424133300781,42.51946640014648,35.075523376464844,0.1467267191037535,31,se3_log_map,0.6546818017959595,1.7850956916809082,-0.8082783818244934,-0.7831398844718933,243.413818359375,195.9686279296875,-31.379716873168945
-0.9585114121437072,0.146746814250946,1.8821752071380613,232.67645263671875,1.896728515625,141.60299682617188,24.10423851013184,70.00494384765625,33.01288604736328,77.39859771728516,33.023380279541016,42.91011428833008,34.82279968261719,0.1459995387122035,31,se3_log_map,0.6681766510009766,1.7826157808303833,-0.8083841800689697,-0.7842161655426025,244.4214630126953,196.536376953125,-32.33729934692383
-0.9584172368049622,0.1467991769313812,1.881044149398804,232.8319549560547,1.831947326660156,141.45838928222656,24.896026611328125,69.82943725585938,32.87415313720703,77.18070220947266,32.88453674316406,42.72436141967773,34.766136169433594,0.1481540370732545,31,se3_log_map,0.6677923202514648,1.7816627025604248,-0.8076733350753784,-0.7845166325569153,244.52301025390625,196.4059600830078,-32.308109283447266
-0.9572554230690002,0.1472470313310623,1.8810606002807615,231.8505401611328,1.3589324951171875,141.3681182861328,25.775535583496094,69.2929458618164,33.51398468017578,76.9720687866211,33.52482986450195,42.204532623291016,34.908668518066406,0.146152087021619,31,se3_log_map,0.6669932007789612,1.7821897268295288,-0.8063146471977234,-0.7841602563858032,243.8413543701172,195.77224731445312,-31.285818099975582
-0.9572829604148864,0.1480933576822281,1.881587505340576,231.44813537597656,0.9247360229492188,141.5972137451172,26.618621826171875,69.43399810791016,34.09799575805664,77.35472106933594,34.109153747558594,42.6137580871582,35.11053466796875,0.1446657511405646,31,se3_log_map,0.6523075103759766,1.7830073833465576,-0.8061137199401855,-0.7848051190376282,243.7200164794922,195.7271728515625,-30.613779067993164
-0.9590048789978028,0.1500860601663589,1.8833074569702148,231.9253692626953,0.3401336669921875,142.83273315429688,27.56894302368164,70.65079498291016,35.06551742553711,78.87410736083984,35.076663970947266,45.191104888916016,35.43967819213867,0.1459114979952573,31,se3_log_map,0.6562021374702454,1.784897804260254,-0.8074657917022705,-0.7872755527496338,244.67198181152344,197.0128631591797,-29.984882354736328
-0.9591790437698364,0.1521743685007095,1.8849005699157717,231.3847198486328,-0.4518051147460937,143.9540557861328,28.269102096557617,71.12261199951172,36.53475189208984,79.95757293701172,36.54617691040039,47.18181228637695,35.798587799072266,0.1468988512642681,31,se3_log_map,0.6568591594696045,1.787144422531128,-0.8072288036346436,-0.7888582348823547,244.78939819335935,197.7416534423828,-28.48679542541504
-0.9575830698013306,0.1541318595409393,1.8868132829666135,229.7408447265625,-1.4744796752929688,144.81773376464844,29.13380241394043,70.7868423461914,38.44552612304688,80.55330657958984,38.457550048828125,48.48476791381836,36.176246643066406,0.144876392558217,31,se3_log_map,0.6517811417579651,1.7901045083999634,-0.8055530786514282,-0.7890810966491699,243.9944610595703,197.6942138671875,-26.17287254333496
-0.9560813903808594,0.1551151275634765,1.8869277238845823,228.84426879882807,-1.996253967285156,144.9071502685547,29.454051971435547,70.17411041259766,39.21353530883789,80.3872299194336,39.22573471069336,48.68032455444336,36.24136734008789,0.1460161828435957,31,se3_log_map,0.6524435877799988,1.7910329103469849,-0.8035993576049805,-0.7889708280563354,243.4186248779297,197.2916259765625,-24.990726470947266
-0.9568384289741516,0.1554592549800872,1.8851473331451416,230.01693725585935,-1.7734298706054688,144.96995544433594,30.721155166625977,70.33927154541016,38.58928298950195,80.22933197021484,38.60079574584961,49.04333114624024,35.99601364135742,0.1455576228909194,31,se3_log_map,0.6455672979354858,1.7893941402435305,-0.8031819462776184,-0.7902676463127136,244.28976440429688,197.8911895751953,-25.639724731445312
-0.9572119116783142,0.1550370454788208,1.882253646850586,231.39498901367188,-1.313446044921875,144.51939392089844,31.49879646301269,70.11277770996094,37.40685272216797,79.46743774414062,37.41753768920898,48.51736068725586,35.57318115234375,0.1444047861732542,31,se3_log_map,0.6552460193634033,1.786551833152771,-0.802269458770752,-0.7909179329872131,245.11143493652344,198.081298828125,-26.753936767578125
-0.9558690786361694,0.1543437093496322,1.8793092966079712,231.7070159912109,-0.996856689453125,143.7222137451172,32.62094497680664,69.0448989868164,36.53056335449219,78.11325073242188,36.54073333740234,47.095584869384766,35.14570999145508,0.1483019758015871,31,se3_log_map,0.6498061418533325,1.7840185165405271,-0.7998630404472351,-0.7902102470397949,244.98809814453125,197.45510864257807,-27.169906616210938
-0.9537029266357422,0.1533498466014862,1.8764139413833616,231.4278717041016,-0.7637405395507812,142.82908630371094,33.20930099487305,67.57779693603516,35.8974609375,76.52050018310547,35.90730285644531,45.24339294433594,34.744781494140625,0.1470016674138605,31,se3_log_map,0.6404765844345093,1.781623601913452,-0.7968873381614685,-0.7886719703674316,244.38461303710935,196.4474639892578,-27.16690826416016
-0.953953504562378,0.1530799716711044,1.874084949493408,232.488525390625,-0.3763275146484375,142.73109436035156,34.28350067138672,67.44672393798828,35.14543533325195,76.05433654785156,35.15460205078125,45.23573303222656,34.421958923339844,0.145577376242727,31,se3_log_map,0.6544145345687866,1.779376983642578,-0.7960693836212158,-0.7892231345176697,245.0640563964844,196.86415100097656,-27.86764144897461
-0.954435646533966,0.1529837399721145,1.8724726438522337,233.45510864257807,-0.0433120727539062,142.8419952392578,34.85222244262695,67.52790069580078,34.63335418701172,75.89128112792969,34.64191818237305,45.63058471679688,34.189327239990234,0.1490878639742732,31,se3_log_map,0.6590179204940796,1.7777762413024902,-0.7957407832145691,-0.7898901700973511,245.7480316162109,197.4545440673828,-28.451435089111328
-0.9529969096183776,0.1522865891456604,1.8709739446640012,233.0469665527344,0.1616363525390625,142.2584686279297,35.83592987060547,66.6278305053711,34.269989013671875,74.92462921142578,34.27849578857422,44.33695983886719,33.96706771850586,0.1464589000679552,31,se3_log_map,0.6500342488288879,1.776543378829956,-0.7940163016319275,-0.7887157201766968,245.14183044433597,196.76353454589844,-28.42154693603516
-0.9521792531013488,0.1523210108280182,1.870128870010376,232.97946166992188,0.3211288452148437,141.88668823242188,36.512969970703125,66.16185760498047,33.94562911987305,74.36193084716797,33.95397186279297,43.73847961425781,33.77471923828125,0.1457051304168999,31,se3_log_map,0.6595113277435303,1.776029109954834,-0.7927827835083008,-0.7884368896484375,244.8762359619141,196.4715881347656,-28.54631996154785
-0.9524205923080444,0.1537778079509735,1.8705697059631348,233.33306884765625,0.2751007080078125,142.36309814453125,37.507450103759766,66.45919799804688,34.160823822021484,74.72473907470703,34.1688117980957,44.96635437011719,33.72159194946289,0.1437130323611199,31,se3_log_map,0.6607465744018555,1.7769678831100464,-0.7923663258552551,-0.7897999882698059,245.2367706298828,197.21890258789065,-28.4385929107666
-0.9520854949951172,0.1552198231220245,1.8709912300109863,233.39154052734372,0.1716537475585937,142.5942840576172,38.28081512451172,66.47980499267578,34.36042022705078,74.83450317382812,34.3681755065918,45.72314834594727,33.641483306884766,0.1419131881557405,31,se3_log_map,0.6506053805351257,1.7780375480651855,-0.791403591632843,-0.7907757759094238,245.2993927001953,197.5916290283203,-28.20792961120605
-0.9506644606590272,0.1560413241386413,1.87142014503479,232.70962524414065,0.056182861328125,142.35726928710938,39.180362701416016,65.91160583496094,34.542972564697266,74.41476440429688,34.550758361816406,45.37190246582031,33.55165481567383,0.1430498762056231,31,se3_log_map,0.6525128483772278,1.779144048690796,-0.789790153503418,-0.7904714941978455,244.63478088378903,197.17379760742188,-27.75001716613769
-0.9501726031303406,0.1571429520845413,1.872004508972168,232.65939331054688,0.0239944458007812,142.39065551757812,40.02370071411133,65.84668731689453,34.606231689453125,74.38667297363281,34.61387634277344,45.73900985717773,33.4561653137207,0.1517229550518095,31,se3_log_map,0.6497009992599487,1.7802554368972778,-0.7889676690101624,-0.7909926772117615,244.54122924804688,197.3182678222656,-27.656551361083984
-0.9504948258399964,0.1589650064706802,1.8731218576431277,232.95343017578125,-0.2171249389648437,143.17808532714844,40.69719314575195,66.31830596923828,35.178321838378906,75.07084655761719,35.185699462890625,47.5058708190918,33.48479080200195,0.1416922267526388,31,se3_log_map,0.6482068300247192,1.7819223403930664,-0.7887614965438843,-0.7925631403923035,245.01858520507807,198.2769927978516,-27.2378044128418
-0.9493630528450012,0.1595931202173233,1.8735191822052,232.3529052734375,-0.4041519165039062,143.296630859375,41.6790771484375,65.88397216796875,35.619930267333984,74.89643859863281,35.62731170654297,47.64923095703125,33.46687698364258,0.1408706759102642,31,se3_log_map,0.6502633094787598,1.782839059829712,-0.787519097328186,-0.7922846078872681,244.57272338867188,198.1534118652344,-26.56898498535156
-0.9479376673698424,0.1592678427696228,1.8729679584503172,231.8027801513672,-0.2947463989257812,142.83665466308594,42.21331405639648,65.10310363769531,35.47275161743164,74.13993835449219,35.48013687133789,46.6944694519043,33.31279373168945,0.1441862960346043,31,se3_log_map,0.6472911238670349,1.7825934886932373,-0.7860763669013977,-0.7911981344223022,243.91661071777344,197.53160095214844,-26.416303634643555
-0.9482110738754272,0.159067153930664,1.871792316436768,232.5157928466797,0.1499404907226562,142.63111877441406,43.30630874633789,65.10649108886719,34.76814270019531,73.80839538574219,34.775146484375,46.48836135864258,33.0633430480957,0.1428950047120452,31,se3_log_map,0.6533750891685486,1.7813935279846191,-0.7858424186706543,-0.7915080785751343,244.2522430419922,197.80245971679688,-27.192148208618164
-0.9488877654075624,0.1583570539951324,1.8698406219482424,233.6224822998047,0.9423370361328124,142.08998107910156,44.0007209777832,65.18658447265625,33.472225189208984,73.27810668945312,33.47871398925781,45.83612060546875,32.70192337036133,0.1399465468712151,31,se3_log_map,0.6530528664588928,1.7791845798492432,-0.785891592502594,-0.7918271422386169,244.68988037109372,198.03163146972656,-28.65420150756836
-0.948345184326172,0.1576573997735977,1.868375539779663,233.89913940429688,1.5712738037109375,141.1531982421875,44.77433013916016,64.7280044555664,32.33376693725586,72.3545913696289,32.34004592895508,44.39223861694336,32.35934066772461,0.1408892669714987,31,se3_log_map,0.6684170365333557,1.7777360677719116,-0.7850360870361328,-0.7912235856056213,244.3816680908203,197.5068359375,-29.69777107238769
-0.9472176432609558,0.1574752032756805,1.868261814117432,233.43490600585935,1.8002471923828125,140.4632110595703,45.2420768737793,64.15044403076172,31.91589736938477,71.6512680053711,31.922269821166992,43.19198989868164,32.20090866088867,0.1418749177828431,31,se3_log_map,0.6596616506576538,1.7778583765029907,-0.7840215563774109,-0.790344774723053,243.68002319335935,196.8047637939453,-29.93504905700684
-0.9476875066757202,0.1585129201412201,1.869581699371338,233.63491821289065,1.7914581298828125,140.7408447265625,46.40667724609375,64.60303497314453,32.03010940551758,72.107421875,32.03636169433594,44.04538345336914,32.227352142333984,0.1440149471163749,31,se3_log_map,0.6666086316108704,1.7793385982513428,-0.7845274806022644,-0.7912464737892151,243.8820343017578,197.29104614257807,-30.05507469177246
-0.9483553171157836,0.1602317243814468,1.8717504739761357,233.79437255859372,1.5719070434570312,141.3359375,47.1231803894043,65.3193588256836,32.509056091308594,72.96202850341797,32.51525115966797,45.56051635742188,32.3491325378418,0.1422381610609591,31,se3_log_map,0.6677570343017578,1.7818032503128052,-0.7852555513381958,-0.7926726937294006,244.2064971923828,198.0399475097656,-29.88894462585449
-0.9474058747291564,0.1609884202480316,1.8732755184173584,232.93386840820312,1.3916091918945312,141.19569396972656,48.22648620605469,65.09516906738281,32.88092422485352,72.92829132080078,32.887393951416016,45.33900833129883,32.43440628051758,0.1444666390307247,31,se3_log_map,0.6485869288444519,1.7837235927581787,-0.7846969962120056,-0.7923324704170227,243.47381591796875,197.62928771972656,-29.42302894592285
-0.9466723203659058,0.1620253324508667,1.8748966455459597,232.19775390625,1.1023101806640625,141.32028198242188,48.8712272644043,65.03496551513672,33.45952606201172,73.137451171875,33.46621322631836,45.6488151550293,32.55851364135742,0.140395978000015,31,se3_log_map,0.6444969177246094,1.78578782081604,-0.7842238545417786,-0.7923653721809387,242.95806884765625,197.48431396484372,-28.792938232421875
-0.9475104808807372,0.163523867726326,1.8765814304351809,232.56271362304688,0.9702224731445312,141.855712890625,49.76663589477539,65.81498718261719,33.744468688964844,73.96148681640625,33.75102615356445,47.06135177612305,32.63566970825195,0.1410167240537703,31,se3_log_map,0.6481716632843018,1.7876839637756348,-0.784998893737793,-0.7938354015350342,243.4105682373047,198.2669677734375,-28.81587600708008
-0.947636067867279,0.16451096534729,1.877455711364746,232.6619110107422,0.9072189331054688,142.06060791015625,50.45304489135742,66.10800170898438,33.88085174560547,74.28445434570312,33.88735580444336,47.71916198730469,32.63755416870117,0.1437007519416511,31,se3_log_map,0.6603082418441772,1.788836121559143,-0.784982442855835,-0.794586718082428,243.52621459960935,198.6027984619141,-28.78683090209961
-0.9464503526687622,0.1652180105447769,1.8777039051055908,231.97833251953125,0.720672607421875,142.11505126953125,51.388702392578125,65.67184448242188,34.326297760009766,74.10186004638672,34.332820892333984,47.77861022949219,32.64420700073242,0.1404301412403583,31,se3_log_map,0.6454868912696838,1.7896621227264404,-0.7835594415664673,-0.7943886518478394,242.9799041748047,198.40614318847656,-28.09036445617676
-0.945272982120514,0.1658769994974136,1.8776276111602783,231.4312438964844,0.5489883422851562,142.15908813476562,52.000030517578125,65.2014389038086,34.70169448852539,73.86091613769531,34.708160400390625,47.85813522338867,32.61276626586914,0.1422940008342266,31,se3_log_map,0.6539203524589539,1.7901772260665894,-0.7820030450820923,-0.7942383289337158,242.5401153564453,198.2395477294922,-27.447166442871094
-0.9449753761291504,0.1656398326158523,1.8760077953338623,231.8638458251953,0.986663818359375,141.69589233398438,52.98496627807617,64.85309600830078,33.93913650512695,73.1969223022461,33.945281982421875,47.15507888793945,32.328609466552734,0.1441222405992448,31,se3_log_map,0.6509976387023926,1.788718819618225,-0.7810153365135193,-0.7942519783973694,242.5558319091797,198.15480041503903,-28.10713577270508
-0.945794403553009,0.1660388261079788,1.874489903450012,233.12506103515625,1.4537887573242188,141.8046417236328,53.541236877441406,65.15201568603516,33.19753646850586,73.12223815917969,33.203060150146484,47.72308349609375,32.01436996459961,0.144797699060291,31,se3_log_map,0.6513279676437378,1.7873212099075315,-0.780758261680603,-0.7955511212348938,243.3933563232422,199.00282287597656,-29.001855850219727
-0.9447066187858582,0.1669154018163681,1.873855829238892,232.87127685546875,1.2900619506835938,142.16212463378906,54.47833251953125,64.7083511352539,33.65377426147461,72.93659973144531,33.6590690612793,48.3041877746582,31.9165096282959,0.1432617739774286,31,se3_log_map,0.6524743437767029,1.7874046564102173,-0.778863787651062,-0.7958007454872131,243.26210021972656,199.25494384765625,-28.25118827819824
-0.9422508478164672,0.1669092178344726,1.8723671436309812,231.81103515625,1.1974868774414062,141.8927001953125,55.17863082885742,63.405006408691406,33.98777770996094,71.94000244140625,33.9930305480957,47.48805618286133,31.77946662902832,0.1433269390836358,31,se3_log_map,0.6445114016532898,1.7867190837860107,-0.775757908821106,-0.7945684194564819,242.2646331787109,198.5459899902344,-27.277099609375
-0.9416183829307556,0.1666263192892074,1.870223879814148,232.1809844970703,1.6091842651367188,141.60435485839844,56.11516571044922,62.877685546875,33.39259338378906,71.194580078125,33.39745330810547,46.94792556762695,31.46077919006348,0.143248233012855,31,se3_log_map,0.646037757396698,1.7848619222640991,-0.774210512638092,-0.7944511771202087,242.27810668945312,198.57362365722656,-27.6570987701416
-0.9428194165229796,0.1660715341567993,1.867714762687683,233.7783660888672,2.4126739501953125,141.46682739257812,56.89999771118164,63.17012023925781,32.15647888183594,70.88372802734375,32.160728454589844,46.95708084106445,31.049095153808597,0.1415148470550775,31,se3_log_map,0.6536825299263,1.7820913791656494,-0.7743749618530273,-0.7953894138336182,243.23106384277344,199.37457275390625,-29.112276077270508
-0.9421277046203612,0.165120393037796,1.8653790950775144,234.03294372558597,2.97625732421875,140.84701538085938,57.862979888916016,62.53939056396485,31.29538917541504,69.93265533447266,31.299413681030277,45.769229888916016,30.71984100341797,0.142876910045743,31,se3_log_map,0.6650568246841431,1.779801845550537,-0.7730793952941895,-0.7946752905845642,243.0283966064453,199.0559539794922,-29.7573299407959
-0.9403015971183776,0.1637981384992599,1.8630954027175903,233.4436187744141,3.4504318237304688,139.8034210205078,58.02418518066406,61.33961486816406,30.5531063079834,68.52766418457031,30.55723762512207,43.56826400756836,30.440866470336918,0.1439223666675388,31,se3_log_map,0.6601553559303284,1.7776978015899658,-0.770969569683075,-0.7928611040115356,242.04660034179688,197.9448089599609,-30.031810760498047
-0.9403700232505798,0.1634524762630462,1.862102031707764,233.82516479492188,3.932540893554688,139.44200134277344,58.86733627319336,61.27076721191406,29.866304397583008,68.1623306274414,29.870267868041992,43.07419967651367,30.2369327545166,0.144343385938555,31,se3_log_map,0.6670137643814087,1.77665376663208,-0.7707282304763794,-0.7928502559661865,242.04791259765625,197.97776794433597,-30.763059616088867
-0.9417405724525452,0.1642017662525177,1.8629558086395264,234.74508666992188,4.156417846679688,139.8511199951172,59.72251510620117,62.07822799682617,29.639434814453125,68.79100036621094,29.643047332763672,44.32217025756836,30.17803955078125,0.1427697082981467,31,se3_log_map,0.6728438138961792,1.7773677110671997,-0.772009551525116,-0.79421466588974,242.81051635742188,198.93402099609372,-31.431236267089844
-0.9419183731079102,0.1653171479701995,1.8644673824310305,234.58164978027344,3.8831710815429688,140.37779235839844,60.51637649536133,62.41471481323242,30.24093437194824,69.35496520996094,30.24451446533203,45.3724365234375,30.31985664367676,0.1464186031371355,31,se3_log_map,0.6718543171882629,1.7791264057159424,-0.7722868323326111,-0.7949513792991638,242.88638305664065,199.38128662109372,-30.960336685180664
-0.9406445026397704,0.1664222776889801,1.866461992263794,233.31837463378903,3.25140380859375,140.77073669433594,62.23745727539063,62.10594177246094,31.41193008422852,69.59782409667969,31.41582489013672,45.81881332397461,30.59015464782715,0.1465065171942114,31,se3_log_map,0.6580268740653992,1.7816845178604126,-0.7714501023292542,-0.7945967316627502,242.1505889892578,199.10238647460935,-29.57108688354492
-0.9395465850830078,0.1680886000394821,1.8691915273666384,232.04579162597656,2.389976501464844,141.58474731445312,62.67707061767578,62.05244827270508,33.03071594238281,70.29605102539062,33.03487777709961,47.1829948425293,30.953737258911133,0.1460976079106331,31,se3_log_map,0.6489421129226685,1.785079836845398,-0.7708207368850708,-0.7946817278862,241.6043701171875,199.1648406982422,-27.810527801513672
-0.9398059248924256,0.1697269678115844,1.8715513944625852,231.8224029541016,1.815269470214844,142.60223388671875,63.54054641723633,62.64351272583008,34.16331481933594,71.3536376953125,34.16747283935547,49.16674423217773,31.196382522583008,0.1488511059433221,31,se3_log_map,0.6517137885093689,1.7877838611602783,-0.7713032364845276,-0.7957344651222229,241.8876037597656,199.9530334472656,-26.838642120361328
-0.9404789805412292,0.1712884604930877,1.873229503631592,232.0367584228516,1.3615188598632812,143.8480224609375,63.52667617797852,63.380218505859375,35.20939254760742,72.50347137451172,35.21341323852539,51.51181411743164,31.363664627075195,0.1470478172414004,31,se3_log_map,0.6567820310592651,1.7897425889968872,-0.7718722224235535,-0.7971665859222412,242.5470428466797,201.16622924804688,-26.01979637145996
-0.9397264122962952,0.1722095310688018,1.8741158246994016,231.64236450195312,0.940155029296875,144.56497192382812,63.84133529663086,63.2762451171875,36.127471923828125,72.86341857910156,36.13143539428711,52.73275375366211,31.437536239624023,0.1475361459888517,31,se3_log_map,0.6559600830078125,1.791101336479187,-0.7710619568824768,-0.7972829937934875,242.544921875,201.57498168945312,-24.978731155395508
-0.9380125403404236,0.1719824224710464,1.8728452920913696,231.21046447753903,0.9332733154296876,144.40231323242188,64.98060607910156,62.31731414794922,36.203857421875,72.07057189941406,36.20768356323242,52.254581451416016,31.24953269958496,0.1488570356741547,31,se3_log_map,0.6571756601333618,1.7903176546096802,-0.7689061760902405,-0.7962754964828491,242.1089782714844,201.1885528564453,-24.46600151062012
-0.93647962808609,0.171404480934143,1.870361566543579,231.41444396972656,1.2358474731445312,143.96676635742188,66.06946563720703,61.2830924987793,35.6385612487793,70.89234161376953,35.6421012878418,51.32752990722656,30.83037757873535,0.1449830080382526,31,se3_log_map,0.6539086103439331,1.7882633209228516,-0.7665053606033325,-0.7953751683235168,242.00900268554688,200.87110900878903,-24.602283477783203
-0.9356479048728944,0.1701572686433792,1.866190791130066,232.69248962402344,2.0896224975585938,143.09780883789062,67.76693725585938,60.364383697509766,33.994842529296875,69.27848052978516,33.997886657714844,49.700958251953125,30.09290885925293,0.1474277479574084,31,se3_log_map,0.6498773694038391,1.784253716468811,-0.7643047571182251,-0.7947558164596558,242.4868927001953,200.7252960205078,-25.938364028930664
-0.9350087642669678,0.168290913105011,1.861441254615784,234.3251190185547,3.2403793334960938,141.7897186279297,68.7800064086914,59.47672653198242,31.73422241210937,67.41321563720703,31.7368106842041,47.43707275390625,29.22381401062012,0.1495918086729943,31,se3_log_map,0.6562020778656006,1.779424071311951,-0.762371838092804,-0.7938486933708191,243.0564422607422,200.377685546875,-27.959461212158203
-0.9337116479873656,0.1663686484098434,1.85696280002594,235.37081909179688,4.2566680908203125,140.3825225830078,69.17102813720703,58.38534927368164,29.722261428833008,65.5153579711914,29.72459602355957,44.96770095825195,28.43897819519043,0.1464184019714594,31,se3_log_map,0.6656019687652588,1.7749770879745483,-0.7600040435791016,-0.7923864126205444,243.1644287109375,199.66004943847656,-29.577295303344727
-0.9325399398803712,0.1653225421905517,1.854263424873352,235.9616851806641,4.826301574707031,139.52471923828125,69.21221160888672,57.61182403564453,28.54122734069824,64.2940444946289,28.543397903442383,43.49723434448242,27.91242790222168,0.1466043461114168,31,se3_log_map,0.6623246073722839,1.7724394798278809,-0.7581474781036377,-0.7913466691970825,243.2088623046875,199.1835784912109,-30.4466609954834
-0.9318358302116394,0.164967268705368,1.8529729843139648,236.3867645263672,5.096977233886719,138.98292541503906,69.54014587402344,57.21131134033203,27.82061767578125,63.61698532104492,27.82271194458008,42.70967102050781,27.58986091613769,0.15107176406309,31,se3_log_map,0.6632832288742065,1.7713210582733154,-0.7570372819900513,-0.7908836007118225,243.3146209716797,198.8867645263672,-30.997390747070312
-0.9316918849945068,0.1659866571426391,1.8535282611846924,236.47935485839844,4.833885192871094,139.35829162597656,70.72708892822266,57.316383361816406,28.20479965209961,63.88018798828125,28.206790924072266,43.54806137084961,27.592626571655277,0.150482565164566,31,se3_log_map,0.6643872261047363,1.7722686529159546,-0.7565621137619019,-0.7915666103363037,243.5576019287109,199.23861694335935,-30.6016902923584
-0.9315066337585448,0.1672882139682769,1.85486364364624,236.1582946777344,4.398017883300781,139.73411560058594,72.07804870605469,57.46745300292969,28.84276390075684,64.29940032958984,28.844751358032227,44.370731353759766,27.74357414245605,0.1591499140486121,31,se3_log_map,0.6634960174560547,1.77403724193573,-0.7562777400016785,-0.7922808527946472,243.5149688720703,199.40380859375,-29.93749237060547
-0.9320064783096312,0.1690852344036102,1.857311487197876,235.8088531494141,3.6825942993164062,140.67372131347656,73.48540496826172,58.06695556640625,30.065092086791992,65.3886947631836,30.06710624694824,46.20570755004883,28.098594665527344,0.1493950998410582,31,se3_log_map,0.6598736047744751,1.776826024055481,-0.7569111585617065,-0.7936195731163025,243.7159423828125,200.01458740234372,-28.873903274536133
-0.9317775368690492,0.1709737181663513,1.859851360321045,234.92222595214844,2.847808837890625,141.60653686523438,74.57454681396484,58.38759994506836,31.556854248046875,66.3697738647461,31.558996200561523,47.91636657714844,28.495248794555664,0.1461461503058672,31,se3_log_map,0.6443844437599182,1.7799158096313477,-0.7568524479866028,-0.7945365905761719,243.49481201171875,200.3785095214844,-27.351186752319336
-0.9310173988342284,0.1727018058300018,1.8622691631317136,233.7420654296875,2.0111236572265625,142.39437866210938,75.0693588256836,58.469520568847656,33.06698226928711,67.1722412109375,33.06926345825195,49.37727737426758,28.87969398498535,0.1475600781850516,31,se3_log_map,0.6424919962882996,1.7829630374908447,-0.7563284039497375,-0.7949910759925842,242.9872894287109,200.480224609375,-25.68787384033203
-0.9312688112258912,0.1741055399179458,1.8636839389801023,233.617919921875,1.6276473999023438,143.151611328125,75.80188751220703,58.93279647827149,33.882545471191406,67.97868347167969,33.88479232788086,50.92083358764648,29.049657821655277,0.149075336754322,31,se3_log_map,0.6530030369758606,1.7847301959991455,-0.7564404606819153,-0.7960751056671143,243.18231201171875,201.1383056640625,-24.98337173461914
-0.9313024878501892,0.1752637475728988,1.864404320716858,233.7293701171875,1.4175186157226562,143.6851806640625,76.17808532714844,59.22076034545898,34.34650802612305,68.46006774902344,34.3486213684082,52.07760620117188,29.070070266723636,0.1465861587785184,31,se3_log_map,0.6536788940429688,1.7858325242996216,-0.7561368346214294,-0.7969674468040466,243.44537353515625,201.71665954589844,-24.58061790466309
-0.9302593469619752,0.1757717132568359,1.8643184900283811,233.47280883789065,1.3353729248046875,143.73846435546875,76.9847412109375,58.84444046020508,34.533302307128906,68.22915649414062,34.53536605834961,52.235595703125,28.9656982421875,0.1468339213170111,31,se3_log_map,0.6526796221733093,1.7862215042114258,-0.7547923922538757,-0.7967599630355835,243.22789001464844,201.6747894287109,-24.17898368835449
-0.9287737011909484,0.1753675937652588,1.8628208637237549,233.5580596923828,1.7087478637695312,143.0191192626953,77.96556854248047,58.005836486816406,33.765995025634766,67.11795043945312,33.76795196533203,51.00262451171875,28.574148178100582,0.1466929749585688,31,se3_log_map,0.6483364701271057,1.7850927114486694,-0.7528558373451233,-0.7957836389541626,242.9290771484375,201.13247680664065,-24.62593650817871
-0.928439736366272,0.1743408739566803,1.8604711294174197,234.79730224609372,2.564117431640625,141.9770050048828,79.54148864746094,57.53778076171875,32.03424072265625,65.85430145263672,32.03594970703125,49.32073593139648,27.954444885253903,0.1493270830251276,31,se3_log_map,0.6473895311355591,1.7826653718948364,-0.7519521117210388,-0.7952162027359009,243.36358642578125,200.87579345703125,-26.34209251403809
-0.9282209277153016,0.173354834318161,1.8579955101013184,236.10037231445312,3.3935470581054688,141.11358642578125,80.14999389648438,57.15410232543945,30.43968391418457,64.75465393066406,30.441171646118164,47.99990463256836,27.352354049682617,0.148913272190839,31,se3_log_map,0.6554023027420044,1.7801127433776855,-0.7510694265365601,-0.7947935461997986,243.908447265625,200.803955078125,-27.94877815246582
-0.9270008206367492,0.1724477857351303,1.8559272289276123,236.6020965576172,3.9822998046875,140.2457275390625,80.94819641113281,56.36845397949219,29.27945327758789,63.51920318603516,29.28083229064941,46.51437759399414,26.845277786254883,0.149817241821438,31,se3_log_map,0.653885543346405,1.7782031297683716,-0.7494073510169983,-0.7936763763427734,243.8677673339844,200.3189697265625,-28.861385345458984
-0.9254900813102722,0.1715929061174392,1.8544474840164185,236.6522521972656,4.464515686035156,139.23182678222656,80.96463012695312,55.48966217041016,28.235824584960938,62.26045608520508,28.237192153930664,44.74240112304688,26.43572807312012,0.1531389127485454,31,se3_log_map,0.6595365405082703,1.776910662651062,-0.7477472424507141,-0.7922662496566772,243.45416259765625,199.49826049804688,-29.58715057373047
-0.9257969856262208,0.1715695559978485,1.854175806045532,237.36436462402344,4.76910400390625,139.12574768066406,81.8858871459961,55.621543884277344,27.72585868835449,62.14884948730469,27.727113723754883,44.81947708129883,26.225608825683597,0.1483156299218535,31,se3_log_map,0.6611430644989014,1.7765824794769287,-0.7479104995727539,-0.7925165891647339,243.90203857421875,199.80645751953125,-30.278627395629883
-0.9263343214988708,0.1724945604801178,1.8554872274398804,237.63243103027344,4.546730041503906,139.79864501953125,82.67414855957031,56.06695556640625,28.26506233215332,62.78866958618164,28.266223907470703,46.18037414550781,26.303924560546875,0.1498432871885597,31,se3_log_map,0.6647964715957642,1.77799391746521,-0.7485229969024658,-0.7933845520019531,244.3736267089844,200.53201293945312,-29.997509002685547
-0.925737202167511,0.1736641526222229,1.8576616048812864,236.74758911132807,3.966255187988281,140.5125732421875,84.2464828491211,56.08000946044922,29.43819999694824,63.33699798583984,29.43944549560547,47.29731750488281,26.568532943725582,0.1478084130212664,31,se3_log_map,0.6575037240982056,1.7805542945861816,-0.7483620643615723,-0.7935071587562561,244.01275634765625,200.72970581054688,-28.754098892211918
-0.924515962600708,0.1743024736642837,1.8596348762512207,235.418701171875,3.4275894165039062,140.9307861328125,84.82447052001953,55.72053909301758,30.54640769958496,63.54417037963867,30.547786712646484,47.78059005737305,26.838842391967773,0.1480264491401612,31,se3_log_map,0.6400388479232788,1.7828739881515503,-0.7478348612785339,-0.7927871942520142,243.2003326416016,200.4472503662109,-27.417652130126957
-0.9247899651527404,0.175256073474884,1.861609935760498,235.1150360107422,3.0316238403320312,141.73727416992188,85.98189544677734,56.12326431274414,31.4824333190918,64.35032653808594,31.483827590942383,49.23228454589844,27.06881523132324,0.1522073806263506,31,se3_log_map,0.6467928886413574,1.784953236579895,-0.7485273480415344,-0.7933450937271118,243.2976837158203,201.02520751953125,-26.66100311279297
-0.9257296323776244,0.1761236041784286,1.8632571697235107,235.37643432617188,2.8030548095703125,142.6357879638672,86.2955551147461,56.81044387817383,32.18512725830078,65.29402160644531,32.18648910522461,50.902462005615234,27.223501205444336,0.147337838076055,31,se3_log_map,0.6465290784835815,1.786540150642395,-0.7497352957725525,-0.7943467497825623,243.83580017089844,201.9738922119141,-26.32363510131836
-0.9252882599830629,0.1765711158514022,1.864285230636597,234.97970581054688,2.6045074462890625,143.0203094482422,87.04167938232422,56.76325225830078,32.73360061645508,65.52523040771484,32.73497772216797,51.52909851074219,27.30216789245605,0.1511344639584422,31,se3_log_map,0.6518211960792542,1.7877463102340698,-0.7495745420455933,-0.7942067384719849,243.6655120849609,202.14942932128903,-25.75911521911621
-0.9237682819366456,0.1763697564601898,1.8645808696746824,234.139892578125,2.525421142578125,142.86795043945312,87.6021957397461,56.053009033203125,32.98971939086914,65.04045867919922,32.99113464355469,51.08649063110352,27.284517288208008,0.1486660968512296,31,se3_log_map,0.6454012393951416,1.7883044481277466,-0.7484109997749329,-0.7929461002349854,242.9420318603516,201.62522888183597,-25.198469161987305
-0.9234440922737122,0.1756004095077514,1.8636778593063357,234.5745849609375,2.974815368652344,142.46884155273438,88.83277893066406,55.69047546386719,32.281524658203125,64.37022399902344,32.28285217285156,50.2884521484375,26.995506286621094,0.148497330956161,31,se3_log_map,0.6438153982162476,1.7872695922851562,-0.7481104731559753,-0.7922562956809998,243.04275512695312,201.52816772460935,-25.917207717895508
-0.9242103695869446,0.1752426773309707,1.86235785484314,235.9462432861328,3.554649353027344,142.44227600097656,89.50660705566406,55.89291000366211,31.43800926208496,64.12773132324219,31.439132690429688,50.34974670410156,26.607574462890625,0.1513060103170573,31,se3_log_map,0.6529303193092346,1.7857587337493896,-0.7483737468719482,-0.7927646040916443,243.9613342285156,202.2383575439453,-27.06157684326172
-0.923448383808136,0.1741317510604858,1.860490322113037,236.4945831298828,4.205329895019531,141.62112426757812,90.72869110107422,55.233673095703125,30.26673889160156,62.98280715942383,30.267757415771484,48.879302978515625,26.157808303833008,0.1494552111253142,31,se3_log_map,0.6551845073699951,1.7838329076766968,-0.7473726868629456,-0.7917138338088989,243.9639587402344,201.8349609375,-28.110475540161133
-0.9214834570884703,0.1728200316429138,1.85865330696106,236.18557739257807,4.678306579589844,140.53009033203125,91.35628509521484,54.00950241088867,29.29616928100586,61.44340515136719,29.29719352722168,46.72543716430664,25.76987648010254,0.1492273402400314,31,se3_log_map,0.6461622714996338,1.782149076461792,-0.7453786730766296,-0.7896756529808044,243.2467498779297,200.74246215820312,-28.600067138671875
-0.921052873134613,0.172021135687828,1.8571158647537231,236.78916931152344,5.270622253417969,139.8238525390625,91.92877960205078,53.61013412475586,28.219512939453125,60.58372116088867,28.2204647064209,45.57374954223633,25.3797607421875,0.1508596553467214,31,se3_log_map,0.6573163866996765,1.7805604934692385,-0.7446747422218323,-0.7890452742576599,243.3414001464844,200.4912567138672,-29.633140563964844
-0.921932578086853,0.1720844954252243,1.856508493423462,237.92776489257807,5.7083282470703125,139.8504180908203,92.4614715576172,54.008262634277344,27.60632705688477,60.6547737121582,27.607112884521484,45.99142074584961,25.11972045898437,0.1487295050173998,31,se3_log_map,0.6639901399612427,1.7798266410827637,-0.7451529502868652,-0.7898364067077637,244.1199493408203,201.1671295166016,-30.59720039367676
-0.9217849373817444,0.1720344424247741,1.8563405275344849,238.1127777099609,5.92620849609375,139.670166015625,93.05315399169922,53.92815017700195,27.290510177612305,60.4401969909668,27.291282653808597,45.7831916809082,24.990798950195312,0.1501177679747343,31,se3_log_map,0.6687383651733398,1.7796926498413086,-0.7449580430984497,-0.789734423160553,244.1298675537109,201.1775360107422,-30.951059341430664
-0.920747458934784,0.172310322523117,1.8571312427520752,237.35073852539065,5.735992431640625,139.63540649414062,94.50201416015624,53.53290939331055,27.62934112548828,60.24245071411133,27.630170822143555,45.55270385742188,25.05849266052246,0.1583312288857996,31,se3_log_map,0.6566572189331055,1.780765175819397,-0.7442160248756409,-0.7890998721122742,243.5354766845703,200.8048095703125,-30.38078117370605
-0.920070469379425,0.1729621887207031,1.858483910560608,236.57000732421875,5.428192138671875,139.84751892089844,95.18534088134766,53.39850234985352,28.243305206298828,60.40765380859375,28.244203567504883,45.85229110717773,25.232053756713867,0.1502960990183055,31,se3_log_map,0.6524593830108643,1.78240168094635,-0.7438697814941406,-0.7889077067375183,243.02505493164065,200.6562042236328,-29.651029586791992
-0.9208319783210754,0.1740968972444534,1.8600469827651975,236.70579528808597,5.2255859375,140.4706268310547,96.7307357788086,54.03258514404297,28.77780532836914,61.21831893920898,28.77864646911621,47.19917678833008,25.38306427001953,0.1520169358700513,31,se3_log_map,0.6490944027900696,1.784066081047058,-0.7446929216384888,-0.7900563478469849,243.3420562744141,201.35513305664065,-29.411827087402344
-0.9213972091674804,0.1746334433555603,1.861215353012085,236.80023193359372,5.229743957519531,140.61636352539062,97.34430694580078,54.44658279418945,28.85481834411621,61.62005233764648,28.85568046569824,47.67593002319336,25.464174270629883,0.1521461438387632,31,se3_log_map,0.657538652420044,1.7851862907409668,-0.7454981207847595,-0.7906303405761719,243.4398956298828,201.62838745117188,-29.57922744750977
-0.921101987361908,0.1751078516244888,1.86227822303772,236.38897705078125,5.104118347167969,140.6172637939453,98.39222717285156,54.46337890625,29.072799682617188,61.73724365234375,29.07370948791504,47.75661849975586,25.56227684020996,0.1480181613005697,31,se3_log_map,0.6506597995758057,1.78639817237854,-0.7454741597175598,-0.790603518486023,243.1219024658203,201.4928741455078,-29.34795188903809
-0.9204094409942628,0.1757764816284179,1.86333441734314,235.7572021484375,4.86669921875,140.6605682373047,99.10458374023438,54.35186767578125,29.47110366821289,61.827754974365234,29.47207260131836,47.89841079711914,25.67911720275879,0.1505734738893807,31,se3_log_map,0.6426783204078674,1.7877789735794067,-0.7449508905410767,-0.7904921174049377,242.6593780517578,201.27606201171875,-28.823383331298828
-0.9207992553710938,0.1763458400964737,1.8642878532409668,235.81300354003903,4.814674377441406,140.9146728515625,100.15499877929688,54.70304107666016,29.67111587524414,62.23180770874024,29.672060012817383,48.49853897094727,25.75031471252441,0.151141314767301,31,se3_log_map,0.6482136845588684,1.788762450218201,-0.7454609870910645,-0.7910327911376953,242.7714691162109,201.60211181640625,-28.800512313842773
-0.9213125705718994,0.1771928668022155,1.865662097930908,235.8779754638672,4.653160095214844,141.53082275390625,100.60150909423828,55.201934814453125,30.204689025878903,62.9251708984375,30.20563316345215,49.70752334594727,25.86570930480957,0.147891255095601,31,se3_log_map,0.6497905254364014,1.7902026176452637,-0.7461352348327637,-0.7918040752410889,243.023193359375,202.2506866455078,-28.515182495117188
-0.920677661895752,0.1777312904596328,1.86684250831604,235.2562255859375,4.440055847167969,141.808837890625,101.46337127685548,55.11709213256836,30.769439697265625,63.12410354614258,30.77042579650879,50.16091537475586,25.9896240234375,0.1486099702306091,31,se3_log_map,0.6487845182418823,1.7916276454925537,-0.7458112239837646,-0.7915841937065125,242.6279754638672,202.2593688964844,-27.88690948486328
-0.9198009967803956,0.1780635118484497,1.8676836490631104,234.6270294189453,4.2494659423828125,141.97669982910156,101.88467407226562,54.86211395263672,31.247528076171875,63.13683319091797,31.248537063598636,50.39694213867188,26.067853927612305,0.150502635166049,31,se3_log_map,0.6412210464477539,1.7927261590957642,-0.745208740234375,-0.7911012768745422,242.1969451904297,202.1347198486328,-27.274782180786133
-0.919805347919464,0.1781721711158752,1.86749804019928,234.9637451171875,4.4152679443359375,142.06764221191406,102.93324279785156,54.876564025878906,31.09978485107422,63.07641220092773,31.10072898864746,50.59597396850586,25.93062400817871,0.1486050151288509,31,se3_log_map,0.6449679136276245,1.7926024198532104,-0.7450504302978516,-0.7912483811378479,242.42140197753903,202.43862915039065,-27.49829864501953
-0.919654667377472,0.1778989881277084,1.8666459321975708,235.43955993652344,4.807594299316406,141.81036376953125,103.90299987792967,54.689579010009766,30.519731521606445,62.62910079956055,30.520584106445312,50.18583297729492,25.673982620239254,0.1524793771095574,31,se3_log_map,0.6489816904067993,1.7917691469192505,-0.7446357607841492,-0.791109025478363,242.58531188964844,202.5327911376953,-28.11534118652344
-0.9189733266830444,0.1774897128343582,1.8654298782348635,235.64308166503903,5.1532135009765625,141.51547241210938,104.98927307128906,54.2177848815918,30.042667388916016,61.98491668701172,30.043441772460938,49.59834671020508,25.413406372070312,0.1487371050752699,31,se3_log_map,0.647623598575592,1.7906863689422607,-0.7436144351959229,-0.7905842065811157,242.52517700195312,202.4422607421875,-28.46424102783203
-0.9181586503982544,0.1768801510334015,1.8637990951538088,235.96788024902344,5.63299560546875,140.95236206054688,105.95882415771484,53.62588882446289,29.24368476867676,61.081329345703125,29.244367599487305,48.58296203613281,25.06129264831543,0.148828777950257,31,se3_log_map,0.6489349007606506,1.7891844511032104,-0.7423779964447021,-0.7898898720741272,242.44749450683597,202.1826934814453,-29.097824096679688
-0.9173460602760316,0.1767034381628036,1.862547874450684,236.2344970703125,5.958427429199219,140.6196746826172,106.70809173583984,53.16519927978516,28.72266960144043,60.42789077758789,28.72329330444336,48.02996826171875,24.7606143951416,0.1495989668183028,31,se3_log_map,0.6444334983825684,1.7881933450698853,-0.7410737872123718,-0.7894964218139648,242.4268035888672,202.09146118164065,-29.45841407775879
-0.9168301820755004,0.1760783195495605,1.8611235618591309,236.58628845214844,6.433021545410156,140.1302490234375,107.3897933959961,52.73278045654297,27.974971771240234,59.69376373291016,27.975536346435547,47.15336608886719,24.45787811279297,0.1480085370130837,31,se3_log_map,0.650496244430542,1.786795973777771,-0.7402395606040955,-0.7889343500137329,242.4009246826172,201.9185485839844,-30.12031936645508
-0.916822075843811,0.1755705773830413,1.859906911849976,237.15626525878903,6.959358215332031,139.74102783203125,107.99415588378906,52.56905364990234,27.20062828063965,59.18935394287109,27.201120376586918,46.55826950073242,24.172468185424805,0.1488182097673416,31,se3_log_map,0.6548400521278381,1.7855079174041748,-0.7399207949638367,-0.7887647151947021,242.56201171875,201.9757843017578,-30.962202072143555
-0.9164122939109802,0.175316572189331,1.8593482971191408,237.15408325195312,7.27178955078125,139.37570190429688,108.62374877929688,52.31230545043945,26.76558303833008,58.76200866699219,26.766077041625977,45.9381217956543,24.040246963500977,0.1505891876295209,31,se3_log_map,0.6597502827644348,1.7850066423416138,-0.7394039630889893,-0.7883986830711365,242.3214263916016,201.7787170410156,-31.344276428222656
-0.9157649874687196,0.1754426658153534,1.8593459129333496,236.84088134765625,7.400810241699219,138.95513916015625,109.01748657226562,52.05538558959961,26.49526596069336,58.41029357910156,26.49579429626465,45.286376953125,24.0050048828125,0.1485037682577967,31,se3_log_map,0.6585357189178467,1.7852120399475098,-0.7387129664421082,-0.7880837917327881,241.86477661132807,201.3703765869141,-31.48245620727539
-0.916309893131256,0.1763419955968856,1.860243797302246,237.0036163330078,7.325576782226562,139.32427978515625,110.45767211914062,52.53255844116211,26.758718490600582,58.955055236816406,26.759220123291016,46.18230056762695,24.078310012817383,0.1515130042098462,31,se3_log_map,0.6600766181945801,1.7862402200698853,-0.739132821559906,-0.7890416979789734,242.081298828125,201.87451171875,-31.424072265625
-0.9166311025619508,0.1775784492492675,1.8619072437286377,236.8106842041016,7.043258666992188,139.78106689453125,111.43854522705078,53.02781677246094,27.327993392944336,59.65541458129883,27.328466415405277,47.2282829284668,24.268049240112305,0.1501896781846881,31,se3_log_map,0.6573272943496704,1.7881413698196411,-0.73952716588974,-0.7899714708328247,242.0963897705078,202.2693023681641,-31.01421165466309
-0.9164639115333556,0.1788100004196167,1.8637439012527464,236.21401977539065,6.62420654296875,140.21273803710938,112.4560089111328,53.33474349975586,28.09994888305664,60.28434371948242,28.1004638671875,48.13031005859375,24.5257511138916,0.1513108909130096,31,se3_log_map,0.6495785713195801,1.7903132438659668,-0.7395528554916382,-0.790532648563385,241.8203887939453,202.41848754882807,-30.258447647094727
-0.9160369634628296,0.1797693073749542,1.865610122680664,235.3885498046875,6.2030181884765625,140.55947875976562,113.12956237792967,53.48513412475586,28.90569496154785,60.79637145996094,28.90625762939453,48.80332565307617,24.813217163085938,0.1509277392178774,31,se3_log_map,0.6428542137145996,1.7924660444259644,-0.7395162582397461,-0.7906692624092102,241.3442840576172,202.37159729003903,-29.41596031188965
-0.9162850975990297,0.1809865534305572,1.8671553134918213,235.1279296875,5.814224243164063,141.2958221435547,113.78028106689452,53.9913215637207,29.77033042907715,61.654972076416016,29.770910263061523,50.23842239379883,25.03055763244629,0.1529778908006847,31,se3_log_map,0.6456537842750549,1.7942694425582886,-0.7397969365119934,-0.7915655374526978,241.42135620117188,202.9414825439453,-28.673748016357425
-0.916225254535675,0.1819624453783035,1.8680458068847656,234.93544006347656,5.57440185546875,141.7744903564453,114.14362335205078,54.2714729309082,30.33629035949707,62.17462158203125,30.33686065673828,51.21597290039063,25.14032745361328,0.1523368279449641,31,se3_log_map,0.6464709043502808,1.795466065406799,-0.739597499370575,-0.7921980619430542,241.42665100097656,203.33346557617188,-28.14176368713379
-0.9157991409301758,0.1826884746551513,1.8684098720550537,234.66981506347656,5.383537292480469,142.228271484375,114.62191009521484,54.2988510131836,30.890771865844727,62.47083282470703,30.89131546020508,52.03474044799805,25.19735145568848,0.1501548830419778,31,se3_log_map,0.64825040102005,1.796181082725525,-0.7389324903488159,-0.7924894094467163,241.34483337402344,203.6595764160156,-27.51922035217285
-0.9150096774101256,0.1827755272388458,1.8675265312194824,234.6184234619141,5.526580810546875,142.1711883544922,115.53160858154295,53.921485900878906,30.802343368530277,62.09920501708984,30.802814483642575,51.90084457397461,25.051122665405277,0.1502639618702232,31,se3_log_map,0.6481114625930786,1.7956159114837646,-0.7376725077629089,-0.7922602891921997,241.18533325195312,203.66213989257807,-27.428998947143555
-0.9141862988471984,0.1825094223022461,1.86566174030304,234.99652099609372,5.956100463867188,141.7684783935547,116.76744842529295,53.38282012939453,30.13319206237793,61.30036544799805,30.13359832763672,51.18622970581055,24.696516036987305,0.1534976689144969,31,se3_log_map,0.6475610733032227,1.794040322303772,-0.7360938191413879,-0.7919225096702576,241.18788146972656,203.5854339599609,-27.90237808227539
-0.9134832620620728,0.1824513077735901,1.863568902015686,235.65969848632807,6.4009552001953125,141.44851684570312,117.81199645996094,52.95530319213867,29.408327102661133,60.57321166992188,29.40865707397461,50.7011604309082,24.26297187805176,0.1498275380581617,31,se3_log_map,0.6466095447540283,1.7923133373260498,-0.7343851327896118,-0.7919061779975891,241.43606567382807,203.71389770507807,-28.45874786376953
-0.9121381640434264,0.1821839213371276,1.8613516092300413,235.955810546875,6.822166442871094,140.93460083007812,119.11563873291016,52.2178840637207,28.690879821777344,59.58081817626953,28.69115447998047,49.79664993286133,23.842435836791992,0.1513354079797864,31,se3_log_map,0.645948588848114,1.7905449867248535,-0.7321354150772095,-0.7913023233413696,241.3390350341797,203.4823303222656,-28.83989715576172
-0.9108535647392272,0.1816946566104889,1.8588652610778809,236.39512634277344,7.389678955078125,140.20602416992188,119.88745880126952,51.4675407409668,27.67971420288086,58.43863677978516,27.67996406555176,48.54570388793945,23.3590087890625,0.1506035891361534,31,se3_log_map,0.6505656242370605,1.7884316444396973,-0.729946494102478,-0.7905986905097961,241.2586669921875,203.1531524658203,-29.537155151367188
-0.9102112650871276,0.1812109947204589,1.8567625284194944,237.0325164794922,7.954566955566406,139.74681091308594,120.56623840332033,51.027626037597656,26.81051445007324,57.64219284057617,26.81074905395508,47.7658805847168,22.924819946289062,0.15160399582237,31,se3_log_map,0.6542196273803711,1.7865102291107178,-0.7285619378089905,-0.7902334928512573,241.42892456054688,203.1636657714844,-30.288619995117188
-0.9099187850952148,0.1809458285570144,1.8548471927642824,237.8480682373047,8.52294921875,139.2977294921875,120.90962982177734,50.8162727355957,25.88800048828125,57.03053665161133,25.88823890686035,47.16628646850586,22.49776268005371,0.1535267550498247,31,se3_log_map,0.6596207022666931,1.784759283065796,-0.7274696230888367,-0.7902531623840332,241.7450714111328,203.28599548339844,-31.19070053100586
-0.90910142660141,0.1809256225824356,1.8537604808807373,237.9742431640625,8.758659362792969,138.96559143066406,121.66105651855467,50.4666633605957,25.46708106994629,56.52836608886719,25.467321395874023,46.64536666870117,22.270971298217773,0.1506983200088143,31,se3_log_map,0.6598923206329346,1.7839704751968384,-0.7261545062065125,-0.7899476885795593,241.64134216308597,203.1229553222656,-31.421009063720703
-0.9080984592437744,0.181012749671936,1.853421926498413,237.6505279541016,8.819305419921875,138.62689208984375,122.21493530273438,50.07273483276367,25.28697395324707,56.09554290771485,25.2872371673584,46.05519104003906,22.199731826782227,0.1491550281643867,31,se3_log_map,0.6588860750198364,1.7839380502700806,-0.7249806523323059,-0.7894381880760193,241.2302398681641,202.7213592529297,-31.35379409790039
-0.9081602692604064,0.1813866645097732,1.853789448738098,237.65557861328125,8.821365356445312,138.6551971435547,123.1491241455078,50.19736099243164,25.30731201171875,56.21596908569336,25.307565689086918,46.23159790039063,22.220067977905277,0.1550502446480095,31,se3_log_map,0.6578701734542847,1.7843996286392212,-0.7249936461448669,-0.7897303700447083,241.21661376953125,202.8100128173828,-31.385377883911133
-0.9088929891586304,0.1818705648183822,1.8546861410140991,237.9036407470703,8.839996337890625,138.76853942871094,124.20362091064452,50.63239669799805,25.297008514404297,56.60016250610352,25.297239303588867,46.68454360961914,22.27703285217285,0.1494659599848091,31,se3_log_map,0.6583020687103271,1.7852206230163574,-0.7258423566818237,-0.7904438376426697,241.4312896728516,203.10411071777344,-31.651531219482425
-0.9092994332313538,0.1826802045106887,1.8562040328979488,237.6773681640625,8.610420227050781,139.09239196777344,125.21955108642578,51.03074645996094,25.74648666381836,57.157840728759766,25.74671173095703,47.41006088256836,22.48391532897949,0.1498802881687879,31,se3_log_map,0.66105055809021,1.7868025302886963,-0.7264994382858276,-0.7910880446434021,241.3848419189453,203.33676147460935,-31.36153793334961
-0.909026265144348,0.1835006922483444,1.8579477071762085,236.9638671875,8.159957885742188,139.34254455566406,126.31290435791016,51.1679916381836,26.421281814575195,57.58686828613281,26.421506881713867,47.9068603515625,22.77145195007324,0.151682433206588,31,se3_log_map,0.6531540155410767,1.7887507677078247,-0.7266239523887634,-0.7912372350692749,241.0044403076172,203.19129943847656,-30.62775993347168
-0.9090626239776612,0.18421371281147,1.859683871269226,236.3714141845703,7.748809814453125,139.63632202148438,127.13465881347656,51.421268463134766,27.07562255859375,58.113990783691406,27.075834274291992,48.49906921386719,23.0648250579834,0.149677743203938,31,se3_log_map,0.6474661827087402,1.7905775308609009,-0.7271052598953247,-0.7914975881576538,240.7306671142578,203.14540100097656,-30.00205421447754
-0.9100922346115112,0.185211032629013,1.8611000776290891,236.65159606933597,7.530326843261719,140.11509704589844,127.95882415771484,52.16912078857422,27.44268226623535,58.946739196777344,27.44289779663086,49.64149475097656,23.202438354492188,0.1498922468163073,31,se3_log_map,0.6488481760025024,1.791993260383606,-0.7281878590583801,-0.7927498817443848,241.15020751953125,203.73159790039065,-29.938447952270508
-0.9100742340087892,0.1859127432107925,1.862308979034424,236.33572387695312,7.292388916015625,140.18597412109375,128.86260986328125,52.403926849365234,27.73011589050293,59.28853988647461,27.730342864990234,49.95853805541992,23.364858627319336,0.1527004120871424,31,se3_log_map,0.6471425890922546,1.7933552265167236,-0.7283563613891602,-0.7930887937545776,240.97329711914065,203.66180419921875,-29.66896629333496
-0.909361720085144,0.1862553805112838,1.863081455230713,235.71438598632807,7.138153076171875,139.95294189453125,129.2487335205078,52.239967346191406,27.86959457397461,59.20919418334961,27.86984062194824,49.6479377746582,23.49713897705078,0.1506989509798586,31,se3_log_map,0.6398581862449646,1.794349193572998,-0.7278646230697632,-0.7927457094192505,240.4308319091797,203.18814086914065,-29.37616539001465
-0.9095871448516846,0.1869264245033264,1.8636012077331543,235.82894897460935,7.095085144042969,140.13497924804688,130.3467559814453,52.546669006347656,27.984575271606445,59.53393173217773,27.98480796813965,50.162357330322266,23.520309448242188,0.1526301670819521,31,se3_log_map,0.6422674655914307,1.7950239181518557,-0.7279291749000549,-0.7933816313743591,240.55279541015625,203.476806640625,-29.3579216003418
-0.9100450277328492,0.1873893439769745,1.8636257648468015,236.2567901611328,7.233230590820312,140.20387268066406,130.969482421875,52.8673095703125,27.80240249633789,59.732120513916016,27.80263328552246,50.492671966552734,23.443923950195312,0.1513578980229795,31,se3_log_map,0.6451414823532104,1.7951186895370483,-0.7280890941619873,-0.7940990328788757,240.84161376953125,203.8420562744141,-29.697389602661133
-0.9096673130989076,0.1871668547391891,1.863086938858032,236.30078125,7.478706359863281,139.81468200683594,132.20547485351562,52.62413787841797,27.36511611938477,59.31399154663086,27.365339279174805,49.84799575805664,23.329612731933597,0.1510678441263735,31,se3_log_map,0.6477218270301819,1.7946382761001587,-0.7275913953781128,-0.793773889541626,240.67124938964844,203.59429931640625,-30.06815719604492
-0.9087457656860352,0.186444491147995,1.8618608713150024,236.19261169433597,7.88427734375,139.0260009765625,132.6602783203125,51.9896354675293,26.605039596557617,58.40163040161133,26.60525703430176,48.40932846069336,23.14591789245605,0.1505790087394416,31,se3_log_map,0.647399365901947,1.7934749126434326,-0.7265353202819824,-0.7927967309951782,240.2177276611328,202.9301605224609,-30.612422943115234
-0.909236490726471,0.1862542927265167,1.8607490062713623,237.00717163085935,8.2940673828125,138.8572998046875,133.73448181152344,52.0964241027832,25.95396614074707,58.20348739624024,25.954181671142575,48.25326156616211,22.88246726989746,0.1527763428166508,31,se3_log_map,0.6523550748825073,1.792288899421692,-0.7265475988388062,-0.793211042881012,240.6879730224609,203.25799560546875,-31.40450668334961
-0.9094181656837464,0.1856985986232757,1.859561324119568,237.59104919433597,8.787261962890625,138.38731384277344,134.08139038085938,51.977787017822266,25.128313064575195,57.73320007324219,25.128530502319336,47.5339469909668,22.63450813293457,0.1519909920170903,31,se3_log_map,0.6590979099273682,1.7909650802612305,-0.7264552116394043,-0.7931073307991028,240.86798095703125,203.22250366210935,-32.30792999267578
-0.9086222648620604,0.1853437721729278,1.85908842086792,237.20155334472656,8.877960205078125,138.01536560058594,135.27780151367188,51.53859329223633,24.94622802734375,57.258544921875,24.94646644592285,46.75156784057617,22.61888694763184,0.1513385190628469,31,se3_log_map,0.6547128558158875,1.790589690208435,-0.725679337978363,-0.7923690676689148,240.4082946777344,202.7320709228516,-32.276424407958984
-0.9084610342979432,0.1854277998208999,1.859113931655884,237.14056396484372,8.884674072265625,137.92640686035156,135.9669189453125,51.49675750732422,24.89717674255371,57.19952392578125,24.89740753173828,46.63410568237305,22.616918563842773,0.1513845832087099,31,se3_log_map,0.6506110429763794,1.7906831502914429,-0.7254874110221863,-0.792332112789154,240.32357788085935,202.6407165527344,-32.28990936279297
-0.9089658856391908,0.1858454346656799,1.8595223426818848,237.3973693847656,8.854484558105469,138.09727478027344,137.013671875,51.83227157592773,24.94200134277344,57.52119445800781,24.94222640991211,47.10799789428711,22.62886047363281,0.1499548186548054,31,se3_log_map,0.6599975228309631,1.791093826293945,-0.725915253162384,-0.7929494380950928,240.5806579589844,202.93978881835935,-32.39011764526367
-0.9091628789901732,0.186340719461441,1.8602831363677976,237.3315887451172,8.703826904296875,138.23081970214844,137.7802276611328,52.07551193237305,25.140926361083984,57.82667922973633,25.14114570617676,47.47478103637695,22.722078323364254,0.1524301692843437,31,se3_log_map,0.6560983657836914,1.7919228076934814,-0.7261846661567688,-0.7933500409126282,240.6041259765625,203.0326232910156,-32.25447463989258
-0.9088681936264038,0.1866994947195053,1.8609740734100344,236.9729461669922,8.535133361816406,138.17001342773438,138.6415557861328,52.07969284057617,25.31211853027344,57.90507507324219,25.31234359741211,47.43582534790039,22.836158752441406,0.1514384937472641,31,se3_log_map,0.6478659510612488,1.7927513122558594,-0.7260370850563049,-0.793317437171936,240.3409118652344,202.80545043945312,-32.01342010498047
-0.9088579416275024,0.1869690418243408,1.861820936203003,236.65423583984372,8.406723022460938,138.14393615722656,139.41378784179688,52.18355178833008,25.48141288757324,58.07258987426758,25.48164749145508,47.45256423950195,22.97991943359375,0.1504418370313942,31,se3_log_map,0.647858738899231,1.7936173677444458,-0.7262949347496033,-0.79335618019104,240.1104278564453,202.6477203369141,-31.86440086364746
-0.9092983603477478,0.1875825226306915,1.862775444984436,236.57102966308597,8.231254577636719,138.36074829101562,140.4503173828125,52.578250885009766,25.765182495117188,58.55183029174805,25.765411376953125,47.99128341674805,23.129852294921875,0.1529961768537759,31,se3_log_map,0.6493556499481201,1.7946085929870603,-0.7268224358558655,-0.7939801216125488,240.1440277099609,202.82752990722656,-31.69989585876465
-0.9098050594329834,0.1883960515260696,1.8638875484466555,236.45333862304688,7.979827880859375,138.79359436035156,141.18612670898438,53.07013702392578,26.268373489379883,59.21542739868164,26.26860809326172,48.892696380615234,23.3153133392334,0.1511081708595156,31,se3_log_map,0.6517506241798401,1.7958029508590698,-0.7273707389831543,-0.7947925925254822,240.2232666015625,203.1867828369141,-31.33608055114746
-0.9098871350288392,0.1891370564699173,1.864897608757019,236.1049346923828,7.7024383544921875,139.1398468017578,142.02598571777344,53.36945724487305,26.81205177307129,59.72591781616211,26.812299728393555,49.58494186401367,23.512115478515625,0.1514540603384375,31,se3_log_map,0.6475744247436523,1.796977400779724,-0.7275088429450989,-0.7952823638916016,240.09458923339844,203.3534393310547,-30.82308006286621
-0.9094918966293336,0.1892770677804947,1.8650462627410889,235.7616424560547,7.737800598144531,138.8603057861328,142.68392944335938,53.25773620605469,26.725175857543945,59.58709335327149,26.72541236877441,49.16712951660156,23.58114624023437,0.1532310829497873,31,se3_log_map,0.6419191360473633,1.7972577810287476,-0.7271227836608887,-0.7951133251190186,239.6960601806641,203.0186462402344,-30.828731536865234
-0.9097411036491394,0.1897150129079818,1.8651680946350095,235.9557037353516,7.8160400390625,138.8579559326172,143.73196411132812,53.49323272705078,26.604097366333008,59.74365234375,26.604347229003903,49.35054016113281,23.56371116638184,0.1526453192345798,31,se3_log_map,0.643325924873352,1.797479271888733,-0.727150559425354,-0.7956473231315613,239.7940673828125,203.1988220214844,-31.033058166503903
-0.9099996089935304,0.1900285333395004,1.864998817443848,236.29544067382807,7.94488525390625,138.82948303222656,144.33566284179688,53.68042755126953,26.379024505615234,59.81171798706055,26.379268646240234,49.477783203125,23.48275184631348,0.1522533530369401,31,se3_log_map,0.6434649229049683,1.7973897457122805,-0.7271143198013306,-0.7961428165435791,239.99444580078125,203.4095764160156,-31.33677673339844
-0.90940123796463,0.1900315135717392,1.8645453453063965,236.1442108154297,8.077880859375,138.4856719970703,145.34994506835938,53.41557312011719,26.11458778381348,59.4575080871582,26.114824295043945,48.92411422729492,23.42923927307129,0.1517842351458966,31,se3_log_map,0.647673487663269,1.7971248626708984,-0.726309597492218,-0.795856237411499,239.7022247314453,203.10122680664065,-31.460947036743164
-0.90874183177948,0.1899412870407104,1.8638449907302856,236.05416870117188,8.242889404296875,138.1389923095703,145.97015380859375,53.08837890625,25.81015968322754,59.02999496459961,25.810401916503903,48.33522415161133,23.33524513244629,0.1510128048248589,31,se3_log_map,0.6449674963951111,1.796617031097412,-0.7253779172897339,-0.7955018877983093,239.4508819580078,202.8115692138672,-31.60697364807129
-0.909077763557434,0.1898079067468643,1.8630694150924685,236.63751220703125,8.582069396972656,137.95811462402344,147.0004425048828,53.14836883544922,25.265378952026367,58.8480110168457,25.26561737060547,48.141231536865234,23.140535354614254,0.150958748999983,31,se3_log_map,0.6513494253158569,1.7957919836044312,-0.7253806591033936,-0.795784592628479,239.74989318847656,203.0191650390625,-32.25337600708008
-0.9091809391975404,0.1896485239267349,1.8624300956726076,237.02859497070312,8.876579284667969,137.6627655029297,147.64797973632812,53.11550521850586,24.736690521240234,58.59317779541016,24.73693084716797,47.75251770019531,22.9853458404541,0.1518040061928331,31,se3_log_map,0.6500682830810547,1.795133113861084,-0.7252483367919922,-0.7958577871322632,239.8789825439453,203.0212860107422,-32.82789611816406
-0.9085904955863952,0.1894955188035965,1.8617405891418457,236.96046447753903,9.040573120117188,137.25048828125,148.66639709472656,52.80522918701172,24.3677978515625,58.15652847290039,24.368043899536133,47.060791015625,22.896509170532227,0.1523261102847755,31,se3_log_map,0.6561275124549866,1.7945938110351562,-0.7244277596473694,-0.7954891324043274,239.6384429931641,202.6691436767578,-33.03972244262695
-0.9083397388458252,0.1896030604839325,1.8613916635513303,237.05030822753903,9.13188934326172,137.01248168945312,149.3563232421875,52.72315979003906,24.101062774658203,57.97061920166016,24.10130500793457,46.76219177246094,22.822664260864254,0.151922722812742,31,se3_log_map,0.6542481780052185,1.7943817377090454,-0.7239431142807007,-0.7955018877983093,239.6014404296875,202.53350830078125,-33.237342834472656
-0.9084935188293456,0.1900791823863983,1.861594319343567,237.24212646484372,9.0533447265625,137.1154022216797,150.32020568847656,52.93318176269531,24.133939743041992,58.17532730102539,24.13416862487793,47.11832809448242,22.80390739440918,0.1510687363334,31,se3_log_map,0.6565431356430054,1.7947129011154177,-0.7238969206809998,-0.7959882616996765,239.8014678955078,202.71224975585935,-33.23354721069336
-0.9084404110908508,0.190756008028984,1.8621294498443604,237.23471069335935,8.796035766601562,137.349609375,151.04653930664062,53.13404083251953,24.434972763061523,58.483280181884766,24.435199737548828,47.67242813110352,22.844804763793945,0.1513527282513678,31,se3_log_map,0.6497817039489746,1.7954680919647217,-0.7237005829811096,-0.7964421510696411,239.9368438720703,202.8640899658203,-32.90207290649414
-0.9078333377838136,0.1910847127437591,1.8621799945831297,237.03387451171875,8.734016418457031,137.06787109375,151.93199157714844,52.99271011352539,24.32500267028809,58.30894470214844,24.325233459472656,47.31559753417969,22.84493827819824,0.1538984789513051,31,se3_log_map,0.6512288451194763,1.7957829236984253,-0.722945511341095,-0.7963266968727112,239.6997528076172,202.52247619628903,-32.85124588012695
-0.9075794816017152,0.1915457993745803,1.8623579740524288,237.01368713378903,8.70599365234375,136.81887817382812,152.68739318847656,53.03837203979492,24.15082550048828,58.278053283691406,24.15106773376465,47.112911224365234,22.84491729736328,0.1534861265681684,31,se3_log_map,0.6520185470581055,1.7961804866790771,-0.7225087285041809,-0.7965354919433594,239.60470581054688,202.32025146484372,-32.95890808105469
-0.907912254333496,0.1923436224460601,1.8628075122833248,237.1676177978516,8.583702087402344,136.9457550048828,153.65017700195312,53.4311408996582,24.2385196685791,58.671905517578125,24.2387638092041,47.61266708374024,22.89528083801269,0.1522529711946845,31,se3_log_map,0.6476210355758667,1.7968159914016724,-0.7225595116615295,-0.7973752021789551,239.77638244628903,202.5391845703125,-32.9327507019043
-0.9081282019615172,0.1929500550031662,1.8628742694854736,237.3698883056641,8.629241943359375,136.78512573242188,154.47723388671875,53.70429611206055,24.005874633789062,58.82544708251953,24.00613021850586,47.64632034301758,22.896026611328125,0.154359680134803,31,se3_log_map,0.651807963848114,1.7970612049102783,-0.7224213480949402,-0.7980530858039856,239.8466644287109,202.5742645263672,-33.20243835449219
-0.9078322649002076,0.1930540353059768,1.8622338771820068,237.44024658203125,8.921684265136719,136.107666015625,155.22642517089844,53.59299087524414,23.313344955444336,58.44416809082031,23.313596725463867,46.72465515136719,22.83202362060547,0.1523346691392362,31,se3_log_map,0.6511884927749634,1.796596884727478,-0.7217448353767395,-0.7980998158454895,239.5815887451172,202.14407348632807,-33.80852127075195
-0.9076825380325316,0.193329855799675,1.8616353273391724,237.65513610839844,9.22613525390625,135.4751739501953,155.75062561035156,53.59589385986328,22.589733123779297,58.16197967529297,22.589994430541992,45.969146728515625,22.750951766967773,0.150154935196042,31,se3_log_map,0.6523653268814087,1.796202301979065,-0.7211217880249023,-0.7983895540237427,239.4365234375,201.83799743652344,-34.48807907104492
-0.9079002737998962,0.1939605772495269,1.8616447448730469,237.98989868164065,9.365325927734377,135.11892700195312,156.30426025390625,53.87614822387695,22.10407447814941,58.2342643737793,22.104337692260746,45.79011917114258,22.715524673461918,0.1607067221775651,31,se3_log_map,0.6584415435791016,1.7964054346084597,-0.7209399342536926,-0.7991034984588623,239.5288848876953,201.78956604003903,-35.0238151550293
-0.9076203107833862,0.1949542909860611,1.8623852729797363,237.64210510253903,9.167625427246094,134.9134063720703,157.30299377441406,54.10495376586914,22.189077377319336,58.47821044921875,22.189350128173828,45.74234008789063,22.8894100189209,0.150307772681117,31,se3_log_map,0.6544077396392822,1.7975188493728638,-0.7204363942146301,-0.799648642539978,239.2063140869141,201.503173828125,-34.85350799560547
-0.9079590439796448,0.1959418207406997,1.8630486726760864,237.7047119140625,9.118690490722656,134.6944122314453,158.30055236816406,54.57411193847656,22.01680564880371,58.84788513183594,22.0170955657959,45.82185745239258,23.01255226135254,0.1519944029860198,31,se3_log_map,0.6547744274139404,1.798417329788208,-0.720485270023346,-0.8006159663200378,239.1668243408203,201.44332885742188,-35.096824645996094
-0.9084563851356506,0.1969703733921051,1.8636279106140137,237.9099884033203,9.136314392089844,134.39231872558594,158.9970703125,55.11704254150391,21.68743705749512,59.23034286499024,21.687728881835938,45.848480224609375,23.118043899536133,0.152591785416007,31,se3_log_map,0.6573989987373352,1.799220085144043,-0.7206165790557861,-0.8017452359199524,239.19552612304688,201.4014434814453,-35.53250503540039
-0.9084148406982422,0.1977521628141403,1.8643677234649656,237.49102783203125,9.029060363769531,133.99310302734375,159.7390899658203,55.384796142578125,21.629165649414062,59.45835876464844,21.62948608398437,45.46675109863281,23.360597610473636,0.1501101832836866,31,se3_log_map,0.6553670763969421,1.8001948595046997,-0.7204726338386536,-0.8022574186325073,238.73460388183597,200.9470672607422,-35.569705963134766
-0.9091253876686096,0.1991509944200515,1.865722894668579,237.40480041503903,8.7349853515625,134.1365966796875,161.03140258789062,56.176002502441406,21.918397903442383,60.300575256347656,21.918750762939453,46.18233108520508,23.632368087768555,0.1507149720564484,31,se3_log_map,0.653516948223114,1.8017860651016235,-0.720980167388916,-0.8036861419677734,238.75021362304688,201.1072998046875,-35.42269515991211
-0.9101174473762512,0.2008524090051651,1.8676097393035889,237.35275268554688,8.206718444824219,134.7310333251953,161.54464721679688,57.21569061279297,22.64320945739746,61.5333251953125,22.64361000061035,47.66012191772461,23.94704246520996,0.1552270757965743,31,se3_log_map,0.652512788772583,1.8039045333862305,-0.7218465805053711,-0.8054542541503906,239.00631713867188,201.61355590820312,-34.896385192871094
-0.9098672866821288,0.2022497802972793,1.8692448139190676,236.56027221679688,7.629508972167969,135.031494140625,162.5561981201172,57.683895111083984,23.515779495239254,62.29304504394531,23.516202926635746,48.39516067504883,24.3171443939209,0.1519566578790545,31,se3_log_map,0.6423069834709167,1.8059651851654053,-0.7215884327888489,-0.8061856031417847,238.58544921875,201.49827575683597,-33.956993103027344
-0.9094613790512084,0.2032191753387451,1.8701350688934328,235.96099853515625,7.298835754394531,134.9593505859375,162.7841339111328,57.91277313232422,23.91594696044922,62.65669631958008,23.91640281677246,48.5147705078125,24.57049369812012,0.1516184108331799,31,se3_log_map,0.6331066489219666,1.8072283267974851,-0.7210603952407837,-0.8065971732139587,238.14486694335935,201.1719665527344,-33.46112823486328
-0.90995591878891,0.2036267518997192,1.870152235031128,236.2089385986328,7.398979187011719,134.73031616210938,164.04058837890625,58.23433303833008,23.582223892211918,62.82801055908203,23.58267593383789,48.39717483520508,24.608444213867188,0.1526551889255643,31,se3_log_map,0.6373306512832642,1.8072879314422607,-0.7212885618209839,-0.8072901964187622,238.2264404296875,201.1714324951172,-33.8826904296875
-0.9106663465499878,0.2035412341356277,1.8695018291473389,236.82606506347656,7.753898620605469,134.2864532470703,165.14309692382812,58.4266471862793,22.789705276489254,62.71398162841797,22.790178298950195,47.89509201049805,24.513092041015625,0.1526431906968355,31,se3_log_map,0.6429312229156494,1.8065104484558103,-0.7216817736625671,-0.8078290820121765,238.4821319580078,201.1719207763672,-34.8020133972168
-0.9106590747833252,0.2031459361314773,1.8683589696884155,237.1001434326172,8.171493530273438,133.55970764160156,166.1400909423828,58.21525955200195,21.92534828186035,62.20721435546875,21.92579841613769,46.78777694702149,24.41493797302246,0.1517075099982321,31,se3_log_map,0.6499783992767334,1.8053373098373413,-0.7213250398635864,-0.807726263999939,238.35289001464844,200.76828002929688,-35.63523864746094
-0.9102841019630432,0.202662855386734,1.8670672178268437,237.13336181640625,8.577415466308594,132.7652587890625,166.4776153564453,57.83259963989258,21.13803100585937,61.57455825805664,21.13847923278809,45.478302001953125,24.3416748046875,0.1509830770082771,31,se3_log_map,0.6506037712097168,1.804081439971924,-0.7205949425697327,-0.807335376739502,238.00575256347656,200.19581604003903,-36.31620407104492
-0.910597801208496,0.2025389969348907,1.866277813911438,237.54202270507807,8.937164306640625,132.24929809570312,166.9476318359375,57.863651275634766,20.389598846435547,61.3509407043457,20.39005851745605,44.83817672729492,24.261795043945312,0.151263175997883,31,se3_log_map,0.6544417142868042,1.8032560348510744,-0.7205601930618286,-0.8076104521751404,238.05845642089844,200.05075073242188,-37.11153030395508
-0.9110654592514038,0.2027485519647598,1.8660005331039429,237.8421173095703,9.118255615234377,131.94537353515625,167.48927307128906,58.09312438964844,19.93583869934082,61.41863632202149,19.93629264831543,44.60507583618164,24.27010536193848,0.1535232262685895,31,se3_log_map,0.6515644192695618,1.8029816150665283,-0.7207313179969788,-0.8081729412078857,238.1371917724609,200.0170135498047,-37.64046096801758
-0.9111735224723816,0.2029788196086883,1.8659743070602417,237.7213287353516,9.173545837402344,131.61712646484375,168.16305541992188,58.20751190185547,19.737171173095703,61.4627571105957,19.73765563964844,44.203311920166016,24.381027221679688,0.1497157830744981,31,se3_log_map,0.655204713344574,1.8030227422714236,-0.7206769585609436,-0.8084595799446106,237.9051818847656,199.7444305419922,-37.8515853881836
-0.911338210105896,0.203488290309906,1.8664315938949585,237.43174743652344,9.105873107910156,131.37681579589844,168.9269256591797,58.46259689331055,19.75337219238281,61.709571838378906,19.753887176513672,43.979278564453125,24.58640480041504,0.1592933190986514,31,se3_log_map,0.6540818214416504,1.8035911321640012,-0.7207550406455994,-0.8089267611503601,237.59259033203125,199.4702911376953,-37.87960433959961
-0.9118773937225342,0.2044932246208191,1.8673653602600095,237.1746063232422,8.847816467285156,131.49090576171875,170.12255859375,59.05198287963867,20.098522186279297,62.37858200073242,20.09906578063965,44.44545364379883,24.86444664001465,0.1538184490054845,31,se3_log_map,0.649814784526825,1.8046914339065552,-0.7211304903030396,-0.8099825978279114,237.45567321777344,199.50949096679688,-37.6296272277832
-0.9129267930984496,0.2057923078536987,1.868700623512268,237.0564727783203,8.435943603515625,131.98240661621094,171.44540405273438,59.96176528930664,20.70996856689453,63.437496185302734,20.710569381713867,45.609619140625,25.17768096923828,0.1523060658946633,31,se3_log_map,0.6527073383331299,1.806147575378418,-0.7220218181610107,-0.8115506768226624,237.5905303955078,199.91549682617188,-37.18491744995117
-0.9133872985839844,0.2070193588733673,1.8700098991394043,236.46890258789065,7.894966125488281,132.46629333496094,172.7154541015625,60.632118225097656,21.624492645263672,64.37291717529297,21.625123977661133,46.58045959472656,25.561723709106445,0.1523980442434549,31,se3_log_map,0.6499022245407104,1.807686448097229,-0.7223836183547974,-0.8126716017723083,237.38186645507807,200.06033325195312,-36.31869125366211
-0.9137749671936036,0.2080378085374832,1.8712488412857056,235.8547821044922,7.35491943359375,132.94854736328125,173.40440368652344,61.2086067199707,22.55274200439453,65.23127746582031,22.55343246459961,47.49595642089844,25.926877975463867,0.1502966620028019,31,se3_log_map,0.642292320728302,1.809098482131958,-0.7227703928947449,-0.8135712742805481,237.1655120849609,200.1633758544922,-35.4264030456543
-0.914173662662506,0.2091189175844192,1.8724708557128904,235.3057403564453,6.796516418457031,133.5191650390625,173.58628845214844,61.81541061401367,23.51709747314453,66.13772583007812,23.517824172973636,48.59242248535156,26.269189834594727,0.151425109244883,31,se3_log_map,0.632344126701355,1.810516715049744,-0.7231212854385376,-0.8145397305488586,237.03233337402344,200.3690948486328,-34.49034118652344
-0.9148535132408142,0.2101918160915374,1.8730398416519165,235.2939910888672,6.459228515625,134.00283813476562,173.8584747314453,62.47412872314453,24.027462005615234,66.93531036376953,24.028215408325195,49.66286087036133,26.456886291503903,0.1492286007851362,31,se3_log_map,0.6332715153694153,1.8112839460372925,-0.7234047651290894,-0.8158348202705383,237.2297515869141,200.80198669433597,-34.0241584777832
-0.91491961479187,0.2112230956554412,1.8733247518539429,235.03900146484372,6.099136352539063,134.44192504882812,173.93592834472656,62.868194580078125,24.646120071411133,67.52659606933594,24.646883010864254,50.5748405456543,26.628456115722656,0.152919540181756,31,se3_log_map,0.6326730251312256,1.81192147731781,-0.7229765057563782,-0.8167541027069092,237.2124786376953,201.07530212402344,-33.325801849365234
-0.9143422245979308,0.2118959873914718,1.8727684020996092,234.73077392578125,5.881111145019531,134.60545349121094,174.53294372558594,62.834590911865234,25.03058433532715,67.63664245605469,25.03132057189941,50.92252731323242,26.694976806640625,0.1528449831530451,31,se3_log_map,0.6318010091781616,1.811815857887268,-0.721710741519928,-0.8171153664588928,237.02517700195312,201.0791931152344,-32.71425247192383
-0.9137614965438844,0.2120550274848938,1.871239423751831,234.7620391845703,6.031051635742188,134.42430114746094,175.597900390625,62.55227279663086,24.812686920166016,67.2938003540039,24.81333923339844,50.62559127807617,26.601221084594727,0.151770519092679,31,se3_log_map,0.6302191615104675,1.810644030570984,-0.7202499508857727,-0.8172259330749512,236.89157104492188,201.0105743408203,-32.699798583984375
-0.9131852984428406,0.2118689268827438,1.8689473867416384,235.20819091796875,6.460807800292969,133.906494140625,177.27288818359375,62.11090850830078,24.006175994873047,66.58875274658203,24.00675201416016,49.78030776977539,26.343420028686523,0.1513604861684143,31,se3_log_map,0.6299440264701843,1.8086559772491453,-0.7186081409454346,-0.8171958923339844,236.9187774658203,200.8695068359375,-33.26246643066406
-0.9129120111465454,0.2115328460931778,1.8663232326507568,236.0502777099609,7.028823852539063,133.37094116210938,178.63104248046875,61.73062133789063,22.91231346130371,65.8456039428711,22.91282844543457,48.9505729675293,25.97703742980957,0.1542799826711416,31,se3_log_map,0.639052152633667,1.8062443733215328,-0.717177152633667,-0.8173022866249084,237.22853088378903,200.90884399414065,-34.153499603271484
-0.9121089577674866,0.210985392332077,1.863677740097046,236.5724334716797,7.560943603515625,132.71827697753906,180.01333618164062,61.11219024658203,21.92196083068848,64.92512512207031,21.92240524291992,47.82545852661133,25.636350631713867,0.1515520177781582,31,se3_log_map,0.6462469696998596,1.803849935531616,-0.7153632640838623,-0.8168705701828003,237.2662811279297,200.66744995117188,-34.85993576049805
-0.9108407497406006,0.210603579878807,1.8612627983093264,236.66995239257807,7.918159484863281,132.1595916748047,180.93995666503903,60.42124176025391,21.303789138793945,64.06697845458984,21.304214477539062,46.777103424072266,25.387495040893555,0.153558325022459,31,se3_log_map,0.6475504636764526,1.8018288612365725,-0.7131261825561523,-0.816227912902832,237.03282165527344,200.2846527099609,-35.107112884521484
-0.910175323486328,0.2103072106838226,1.8591856956481931,237.04331970214844,8.313919067382812,131.71463012695312,181.5618438720703,60.01300048828125,20.601696014404297,63.45069122314453,20.60210227966309,46.02825546264648,25.13704872131348,0.1510004852898419,31,se3_log_map,0.6498340368270874,1.8000062704086304,-0.7115904092788696,-0.8159835934638977,237.0483856201172,200.1558990478516,-35.57273864746094
-0.9102389216423036,0.2102658450603485,1.8576077222824097,237.77468872070312,8.653434753417969,131.5537567138672,182.0017242431641,59.98282241821289,19.94390106201172,63.2115364074707,19.944284439086918,45.922969818115234,24.87994384765625,0.153799183666706,31,se3_log_map,0.6504591703414917,1.7985650300979614,-0.7108508348464966,-0.8163403272628784,237.4615936279297,200.43663024902344,-36.13655090332031
-0.9095906615257264,0.2101393789052963,1.8565229177474976,237.73812866210935,8.86419677734375,131.20709228515625,182.9340362548828,59.6873893737793,19.61204719543457,62.826881408691406,19.612436294555664,45.30915451049805,24.797182083129883,0.1537343016825616,31,se3_log_map,0.6549934148788452,1.797690749168396,-0.709746241569519,-0.8160378932952881,237.23568725585935,200.1873016357422,-36.30244827270508
-0.9089933037757874,0.2107982635498047,1.8566917181015012,237.301025390625,8.642158508300781,131.42320251464844,183.6966857910156,59.70701599121094,20.09792900085449,62.99884414672852,20.09832191467285,45.65982055664063,24.8997859954834,0.150375063996762,31,se3_log_map,0.6453492641448975,1.7982280254364014,-0.7088512778282166,-0.8162000775337219,236.96240234375,200.19216918945312,-35.679630279541016
-0.90925794839859,0.2116395384073257,1.8569788932800293,237.39405822753903,8.495429992675781,131.80322265625,185.20602416992188,60.09931182861328,20.387067794799805,63.46305847167969,20.387435913085938,46.49420166015625,24.95182037353516,0.1531339869834482,31,se3_log_map,0.6517156958580017,1.7987490892410278,-0.7087237238883972,-0.8170728087425232,237.14161682128903,200.62294006347656,-35.40268325805664
-0.9093555808067322,0.2124756574630737,1.8574434518814087,237.3146209716797,8.302215576171875,132.1912078857422,185.8794708251953,60.435821533203125,20.7952880859375,63.91347885131836,20.7956485748291,47.29290771484375,25.03864288330078,0.1525865010917186,31,se3_log_map,0.651465117931366,1.799464225769043,-0.7085333466529846,-0.8177911043167114,237.1974334716797,200.97244262695312,-34.99591827392578
-0.9090120792388916,0.2136527299880981,1.858491063117981,236.860595703125,7.8353271484375,132.7962646484375,186.68328857421875,60.75457382202149,21.68399810791016,64.50824737548828,21.684341430664062,48.42379379272461,25.209444046020508,0.1528845429420471,31,se3_log_map,0.6433561444282532,1.800929307937622,-0.7080138921737671,-0.818397045135498,237.09552001953125,201.27261352539065,-34.033721923828125
-0.908192813396454,0.2145296484231948,1.8593376874923704,236.1534576416016,7.454627990722656,133.0714111328125,187.0237274169922,60.80460357666016,22.42861557006836,64.80928039550781,22.428958892822266,48.9487190246582,25.39982795715332,0.1537315296009183,31,se3_log_map,0.6362988948822021,1.802203059196472,-0.707124650478363,-0.8184618353843689,236.6722717285156,201.17486572265625,-33.15419387817383
-0.9078791737556458,0.2153153866529464,1.859576940536499,236.02908325195312,7.324684143066406,133.22445678710938,187.6290283203125,60.98546600341797,22.66463279724121,65.06083679199219,22.664966583251957,49.38993835449219,25.455177307128903,0.151242449413985,31,se3_log_map,0.628471314907074,1.8027867078781128,-0.7064561247825623,-0.8189132809638977,236.60452270507807,201.3037109375,-32.8495979309082
-0.9081929326057434,0.2158539444208145,1.8593815565109253,236.4276123046875,7.418830871582031,133.37120056152344,188.53155517578125,61.28190994262695,22.51470947265625,65.28694152832031,22.51505470275879,49.834659576416016,25.38856315612793,0.1519531961530447,31,se3_log_map,0.6347182989120483,1.8027489185333248,-0.70631343126297,-0.8196517825126648,236.8939971923828,201.7165069580078,-33.03395462036133
-0.9079025387763976,0.2159597277641296,1.858861804008484,236.5692138671875,7.648231506347656,133.1716766357422,189.5342712402344,61.20691680908203,22.18535614013672,65.10358428955078,22.18571662902832,49.57149887084961,25.30760765075684,0.1540925367735326,31,se3_log_map,0.6363133788108826,1.8023881912231443,-0.7056972980499268,-0.8196696639060974,236.83917236328125,201.7193756103516,-33.3209342956543
-0.9070768356323242,0.2159214913845062,1.858160734176636,236.41688537597656,7.870155334472656,132.8831024169922,190.5992431640625,60.895111083984375,21.946311950683597,64.72908782958984,21.94664192199707,49.04920959472656,25.243087768554688,0.1512565477751195,31,se3_log_map,0.6387460827827454,1.8019278049468996,-0.7045667171478271,-0.8192418813705444,236.5173492431641,201.5006256103516,-33.42251968383789
-0.9063560366630554,0.2158715277910232,1.857276201248169,236.4240875244141,8.145111083984375,132.5678253173828,191.42657470703125,60.61516189575195,21.5835075378418,64.34318542480469,21.583858489990234,48.51261901855469,25.139549255371094,0.1540527720935642,31,se3_log_map,0.6342115998268127,1.8012750148773191,-0.7034481763839722,-0.818912923336029,236.3019256591797,201.34109497070312,-33.65670394897461
-0.9062682390213012,0.2155473530292511,1.8558082580566408,236.99887084960935,8.723541259765625,132.08238220214844,192.61795043945312,60.44564056396485,20.656005859375,63.877586364746094,20.656373977661133,47.76569747924805,24.91240501403809,0.1550211790017783,31,se3_log_map,0.6421921849250793,1.799856662750244,-0.7028006315231323,-0.8188823461532593,236.4063720703125,201.37173461914065,-34.558963775634766
-0.9064054489135742,0.215423434972763,1.8546555042266848,237.67156982421875,9.266311645507812,131.74696350097656,192.8769378662109,60.43593215942383,19.80416679382324,63.5980110168457,19.804553985595703,47.36720275878906,24.691375732421875,0.1522475290112197,31,se3_log_map,0.6498212814331055,1.7987475395202637,-0.7024060487747192,-0.8191130757331848,236.6383056640625,201.59181213378903,-35.44504165649414
-0.9056079983711244,0.2152578085660934,1.853917479515076,237.545166015625,9.603073120117188,131.33920288085938,194.02337646484372,60.1037483215332,19.41267204284668,63.16100311279297,19.413084030151367,46.63487243652344,24.6273193359375,0.1516963699832558,31,se3_log_map,0.653348445892334,1.7981977462768557,-0.7013662457466125,-0.8185950517654419,236.265380859375,201.32537841796875,-35.73834609985352
-0.9047618508338928,0.2152076810598373,1.853778839111328,237.13162231445312,9.76506805419922,131.08230590820312,194.3508758544922,59.802364349365234,19.372285842895508,62.86181640625,19.372737884521484,46.10089111328125,24.665084838867188,0.1560252080671489,31,se3_log_map,0.6477569341659546,1.798238754272461,-0.700520932674408,-0.818017840385437,235.76223754882807,201.01866149902344,-35.710655212402344
-0.9049002528190612,0.2157038450241089,1.85420036315918,237.1826171875,9.828575134277344,131.32669067382812,195.7134246826172,60.031646728515625,19.48047637939453,63.1132926940918,19.480913162231445,46.62210464477539,24.684051513671875,0.15171191515401,31,se3_log_map,0.6516706347465515,1.7987754344940186,-0.7005589008331299,-0.8184663653373718,235.7938995361328,201.38665771484372,-35.68769073486328
-0.9052855968475342,0.2160736620426178,1.8546119928359983,237.328857421875,9.937026977539062,131.5221710205078,196.43148803710935,60.29775619506836,19.48543930053711,63.36798477172852,19.48588752746582,47.07368850708008,24.69925880432129,0.1566173681057989,31,se3_log_map,0.6518720388412476,1.7992005348205566,-0.7009065747261047,-0.8189666867256165,235.88511657714844,201.75775146484372,-35.817970275878906
-0.905119240283966,0.2165423184633255,1.8552672863006592,237.052001953125,9.954849243164062,131.581298828125,197.44239807128903,60.41962814331055,19.66414451599121,63.53904342651367,19.664594650268555,47.24581909179688,24.81769752502441,0.1544932802207768,31,se3_log_map,0.647790253162384,1.800002098083496,-0.7007949352264404,-0.819137454032898,235.61572265625,201.8050994873047,-35.70808029174805
-0.9046056866645812,0.217037171125412,1.8558824062347408,236.59671020507807,9.967941284179688,131.43275451660156,198.2457275390625,60.43833541870117,19.802587509155277,63.59980392456055,19.803058624267575,47.08382797241211,24.982192993164062,0.1532454676926136,31,se3_log_map,0.6458141207695007,1.8008525371551514,-0.7003147006034851,-0.8191104531288147,235.14344787597656,201.58724975585935,-35.59101486206055
-0.9045100808143616,0.2175882160663604,1.8563957214355469,236.49630737304688,10.079421997070312,131.3341064453125,199.11680603027344,60.617454528808594,19.73796844482422,63.75000762939453,19.738454818725582,47.10716247558594,25.07581329345703,0.1530361729674041,31,se3_log_map,0.6459928750991821,1.8015427589416504,-0.7001440525054932,-0.8194341063499451,234.9386749267578,201.61257934570312,-35.74088287353516
-0.9048079252243042,0.2182840704917907,1.856926679611206,236.7203369140625,10.239967346191406,131.32896423339844,200.04568481445312,60.98193359375,19.53376579284668,64.03408813476562,19.53423500061035,47.40057373046875,25.10907745361328,0.1528401230461895,31,se3_log_map,0.6506903767585754,1.802217960357666,-0.7002657651901245,-0.8201459050178528,235.00433349609372,201.8936920166016,-36.08167266845703
-0.9048464298248292,0.2191251069307327,1.8577642440795896,236.67648315429688,10.214950561523438,131.54043579101562,200.5680694580078,61.3228759765625,19.715301513671875,64.41419219970703,19.71579360961914,47.97970581054688,25.19545555114746,0.1550880847498774,31,se3_log_map,0.6488914489746094,1.8032790422439573,-0.7002095580101013,-0.8207511305809021,234.96987915039065,202.19161987304688,-35.990684509277344
-0.9041945934295654,0.2197385728359222,1.8586658239364624,236.13430786132807,10.10759735107422,131.61965942382812,201.7262725830078,61.35863494873047,20.12252426147461,64.573974609375,20.12300491333008,48.16459274291992,25.364301681518555,0.1529943919740617,31,se3_log_map,0.6449254751205444,1.804459929466248,-0.6996726989746094,-0.820679783821106,234.52891540527344,202.09825134277344,-35.59228515625
-0.9035978317260742,0.2203567326068878,1.8595399856567385,235.69374084472656,10.026962280273438,131.71275329589844,202.28277587890625,61.41922378540039,20.47496032714844,64.74214172363281,20.475435256958008,48.40728378295898,25.50348854064941,0.1548429760150611,31,se3_log_map,0.641344428062439,1.8056058883666992,-0.699170708656311,-0.8206558227539062,234.16635131835935,202.0688934326172,-35.26091384887695
-0.9037221670150756,0.2211483269929886,1.860313057899475,235.8181915283203,10.019668579101562,132.0201416015625,203.0788116455078,61.78046417236328,20.61555290222168,65.12931060791016,20.616046905517575,49.14108657836914,25.520456314086918,0.1528425747528672,31,se3_log_map,0.6413695812225342,1.806570529937744,-0.6991944909095764,-0.8212887048721313,234.29605102539065,202.51690673828125,-35.20830154418945
-0.9035266041755676,0.2216980457305908,1.860581874847412,235.89439392089844,10.132453918457031,132.1091766357422,203.5646514892578,61.93443298339844,20.58205986022949,65.26480865478516,20.582557678222656,49.44462966918945,25.509408950805664,0.1533444779925048,31,se3_log_map,0.6434811949729919,1.8070614337921145,-0.6988012194633484,-0.8215998411178589,234.28497314453125,202.7700653076172,-35.27616500854492
-0.9025691747665404,0.2219476401805877,1.8604929447174072,235.59231567382807,10.3043212890625,131.91912841796875,204.78128051757807,61.720924377441406,20.547697067260746,65.0513687133789,20.54823112487793,49.13975524902344,25.539613723754883,0.1526456410065293,31,se3_log_map,0.639557421207428,1.8072822093963623,-0.6976821422576904,-0.821212112903595,233.86746215820312,202.60452270507807,-35.250465393066406
-0.9017181992530824,0.22197125852108,1.859928131103516,235.52012634277344,10.66448974609375,131.55796813964844,0.4779333174228668,61.4444694519043,20.18637466430664,64.6754379272461,20.18695068359375,48.54465103149414,35.48744583129883,0.0,31,se3_log_map,0.6403738260269165,0.0,0.0,0.0,0.0,0.0,0.0
