alpha,beta,gamma,bx,by,bz,ncc,geo_r,geo_t,geo_d,geo_se3,fiducial,tre,time,idx,parameterization,ssim,alpha2,beta2,gamma2,bx2,by2,bz2
-0.9499450922012329,0.16229954361915588,1.87449049949646,223.24192810058594,19.556640625,108.04503631591797,0.3575122654438019,66.60680389404297,26.220458984375,71.58197021484375,26.239816665649414,14.1541109085083,36.52238082885742,0.12704590600333177,37,se3_log_map,0.6432138085365295,1.7846741676330566,-0.7869516611099243,-0.7948722243309021,216.47470092773438,175.76756286621094,-61.8033332824707
-0.9429175853729248,0.1568194031715393,1.8665199279785156,216.88674926757812,18.245010375976562,106.40042877197266,0.448472261428833,61.86361312866211,32.76109313964844,70.0028305053711,32.78165054321289,11.847430229187012,38.26715087890625,0.14213015699351672,37,se3_log_map,0.6053218841552734,1.777174472808838,-0.7794516086578369,-0.7873722314834595,211.4746856689453,170.76759338378906,-56.80337905883789
-0.9445989727973938,0.15406042337417603,1.8601676225662231,217.86732482910156,19.167198181152344,106.01524353027344,0.4572218656539917,62.030086517333984,31.96532440185547,69.78189849853516,31.984901428222656,13.762672424316406,38.00882339477539,0.1397284710110398,37,se3_log_map,0.6069157123565674,1.7699337005615234,-0.7794138789176941,-0.7876630425453186,211.83319091796875,171.0946807861328,-57.88019943237305
-0.9456599354743958,0.15592841804027557,1.8632137775421143,219.434814453125,19.555816650390625,106.30289459228516,0.45967191457748413,62.895328521728516,30.403928756713867,69.85858154296875,30.423213958740234,13.71054744720459,37.492034912109375,0.2101447669992922,37,se3_log_map,0.6136406064033508,1.7731404304504395,-0.7808610796928406,-0.7892504930496216,212.9966278076172,172.27896118164062,-59.2609977722168
-0.9447445273399353,0.15807567536830902,1.8674018383026123,219.73426818847656,19.4229736328125,106.2720947265625,0.4588918685913086,62.96206283569336,30.13924217224121,69.8039779663086,30.158655166625977,13.08303451538086,37.29195785522461,0.1391001409938326,37,se3_log_map,0.6134568452835083,1.7779985666275024,-0.7808749675750732,-0.789485514163971,213.2532501220703,172.41281127929688,-59.6450309753418
-0.9421947598457336,0.16016916930675507,1.8719439506530762,218.98995971679688,18.921920776367188,105.88662719726562,0.4679407775402069,62.35573959350586,30.97954750061035,69.62737274169922,30.999366760253906,12.057319641113281,37.34959411621094,0.13990944999386556,37,se3_log_map,0.6079047918319702,1.783576250076294,-0.7795591950416565,-0.7885100841522217,212.7195281982422,171.60952758789062,-59.251182556152344
-0.9393908977508545,0.1620824784040451,1.8761359453201294,218.35826110839844,18.532760620117188,105.13780212402344,0.46279075741767883,61.677738189697266,31.864656448364258,69.42261505126953,31.884727478027344,11.71324634552002,37.344600677490234,0.1388213690079283,37,se3_log_map,0.6033404469490051,1.7888292074203491,-0.7779223918914795,-0.787308931350708,212.1439208984375,170.5397186279297,-59.17634582519531
-0.9387666583061218,0.1643160730600357,1.8799762725830078,219.31565856933594,18.58592987060547,104.86646270751953,0.4719449281692505,62.140926361083984,31.102012634277344,69.48978424072266,31.121976852416992,11.530545234680176,36.915775299072266,0.14048324400209822,37,se3_log_map,0.6068066358566284,1.7933263778686523,-0.777977466583252,-0.7879334092140198,212.80941772460938,170.77369689941406,-60.206443786621094
-0.9384552836418152,0.1665666401386261,1.883788824081421,220.6703338623047,18.776962280273438,104.51936340332031,0.47170600295066833,62.828041076660156,30.026960372924805,69.63462829589844,30.046659469604492,11.748147010803223,36.373199462890625,0.14135828200960532,37,se3_log_map,0.6078773736953735,1.7977209091186523,-0.778309166431427,-0.7887918949127197,213.7284698486328,171.1457061767578,-61.645503997802734
-0.9369133114814758,0.1682518720626831,1.887119174003601,221.30709838867188,18.87555694580078,103.68440246582031,0.47339701652526855,62.84870147705078,29.84593391418457,69.57542419433594,29.86551856994629,12.20895767211914,36.008052825927734,0.21806573300273158,37,se3_log_map,0.608962893486023,1.8017733097076416,-0.777556836605072,-0.7884610295295715,213.98582458496094,170.68238830566406,-62.75343704223633
-0.9342457056045532,0.16998064517974854,1.8910105228424072,221.14111328125,18.643341064453125,102.78471374511719,0.4780486524105072,62.50935745239258,30.4348201751709,69.5248031616211,30.454618453979492,12.1348295211792,35.858970642089844,0.14115200599189848,37,se3_log_map,0.6046237945556641,1.8066319227218628,-0.7759895324707031,-0.7872987985610962,213.71231079101562,169.67514038085938,-63.124603271484375
-0.93193519115448,0.17208503186702728,1.8952858448028564,221.29232788085938,18.38089370727539,102.08566284179688,0.4761483371257782,62.559181213378906,30.66727066040039,69.6716079711914,30.68731117248535,11.93975830078125,35.63233184814453,0.14191316299547907,37,se3_log_map,0.601344645023346,1.8118870258331299,-0.774732768535614,-0.7866265773773193,213.7618408203125,168.9803009033203,-63.58207321166992
-0.9308088421821594,0.17431409657001495,1.8991780281066895,222.31430053710938,18.363239288330078,101.63604736328125,0.481697678565979,63.19120407104492,30.039743423461914,69.96794891357422,30.059789657592773,11.943714141845703,35.191017150878906,0.14249336998909712,37,se3_log_map,0.6043961644172668,1.816541314125061,-0.7743374705314636,-0.7869476079940796,214.48658752441406,168.98443603515625,-64.64061737060547
-0.9297450184822083,0.17659196257591248,1.903052806854248,223.4014129638672,18.323360443115234,101.24298095703125,0.48055750131607056,63.932498931884766,29.356386184692383,70.35028076171875,29.37644386291504,11.966069221496582,34.74888610839844,0.14066720099071972,37,se3_log_map,0.601773738861084,1.8211792707443237,-0.7739652395248413,-0.7873674035072327,215.29054260253906,169.05406188964844,-65.68245697021484
-0.9277328848838806,0.17910398542881012,1.907362461090088,223.67066955566406,17.828685760498047,101.077392578125,0.48265549540519714,64.48004913330078,29.25416374206543,70.80595397949219,29.274606704711914,11.0558443069458,34.522979736328125,0.14076550499885343,37,se3_log_map,0.6032694578170776,1.8265374898910522,-0.7727627754211426,-0.7872905135154724,215.6712646484375,168.81947326660156,-65.68606567382812
-0.9250355362892151,0.18130168318748474,1.9111976623535156,223.49217224121094,17.259601593017578,100.70672607421875,0.48227834701538086,64.6605224609375,29.65084457397461,71.13477325439453,29.671743392944336,10.185559272766113,34.4097785949707,0.14260043000103906,37,se3_log_map,0.6003274321556091,1.8315167427062988,-0.7708327174186707,-0.7866154909133911,215.66847229003906,168.1632080078125,-65.38538360595703
-0.9233556389808655,0.18260113894939423,1.9129704236984253,224.11122131347656,17.144649505615234,100.12220764160156,0.48255422711372375,64.65814208984375,29.509151458740234,71.07366180419922,29.529926300048828,10.358199119567871,34.07511520385742,0.1434180770011153,37,se3_log_map,0.5991265773773193,1.834038496017456,-0.76934814453125,-0.7862938642501831,216.0990753173828,167.7626495361328,-65.93816375732422
-0.9225208163261414,0.18367022275924683,1.9135953187942505,225.36297607421875,17.258453369140625,99.63055419921875,0.48441362380981445,64.70153045654297,28.826459884643555,70.83257293701172,28.846704483032227,10.953743934631348,33.58065414428711,0.1422351420042105,37,se3_log_map,0.6009594202041626,1.8352302312850952,-0.7682231068611145,-0.7865946292877197,216.98248291015625,167.7914276123047,-66.93939971923828
-0.9212968349456787,0.18466773629188538,1.9140856266021729,226.2911376953125,17.248069763183594,99.12104034423828,0.48318207263946533,64.54451751708984,28.453996658325195,70.5381088256836,28.473819732666016,11.407928466796875,33.17922592163086,0.14175916400563437,37,se3_log_map,0.6040018796920776,1.836370587348938,-0.7666915059089661,-0.7866142988204956,217.64999389648438,167.61611938476562,-67.61151885986328
-0.9191873073577881,0.18572185933589935,1.9147467613220215,226.4954833984375,16.950603485107422,98.65287780761719,0.4857596755027771,64.09271240234375,28.639631271362305,70.2004623413086,28.65927505493164,11.226202964782715,32.95658874511719,0.14486000398756005,37,se3_log_map,0.6020737886428833,1.837906837463379,-0.7643522024154663,-0.786076545715332,217.85043334960938,167.07566833496094,-67.53607940673828
-0.917232871055603,0.18653495609760284,1.9148313999176025,226.7689666748047,16.68936538696289,98.17413330078125,0.4843011200428009,63.52105712890625,28.790035247802734,69.74088287353516,28.809419631958008,11.211962699890137,32.71582794189453,0.14414240499900188,37,se3_log_map,0.6007330417633057,1.8387917280197144,-0.7620067000389099,-0.785559356212616,218.0976104736328,166.55213928222656,-67.49284362792969
-0.916069746017456,0.1877600997686386,1.9151328802108765,227.44029235839844,16.36197280883789,98.18472290039062,0.48611727356910706,63.43140411376953,28.336397171020508,69.47297668457031,28.35539436340332,10.822907447814941,32.39536666870117,0.1431567349936813,37,se3_log_map,0.5968062281608582,1.8398308753967285,-0.760296106338501,-0.785880446434021,218.81520080566406,166.65089416503906,-67.40386199951172
-0.9152909517288208,0.18867622315883636,1.914614200592041,228.3472442626953,16.17987060546875,98.20807647705078,0.4859902858734131,63.224395751953125,27.705198287963867,69.02827453613281,27.7236385345459,10.75833511352539,32.01786804199219,0.14536488099838607,37,se3_log_map,0.6001888513565063,1.8399200439453125,-0.7587183713912964,-0.7863640189170837,219.6735076904297,166.90867614746094,-67.51631164550781
-0.9138368368148804,0.18931518495082855,1.913623571395874,228.813232421875,15.948009490966797,97.99188995361328,0.4871067702770233,62.572479248046875,27.56935691833496,68.37678527832031,27.587270736694336,10.684660911560059,31.73991584777832,0.14372193699819036,37,se3_log_map,0.5980690717697144,1.8396458625793457,-0.7564042210578918,-0.786271870136261,220.13223266601562,166.7306365966797,-67.37400817871094
-0.9119325280189514,0.19002455472946167,1.9128386974334717,228.93191528320312,15.576263427734375,97.81415557861328,0.48770275712013245,61.82167053222656,27.667917251586914,67.7305908203125,27.685476303100586,10.267730712890625,31.537513732910156,0.1438954269979149,37,se3_log_map,0.5990495085716248,1.839691162109375,-0.7537165880203247,-0.7859035730361938,220.37062072753906,166.39584350585938,-66.86937713623047
-0.9104344844818115,0.19067126512527466,1.911791443824768,229.30392456054688,15.276081085205078,97.74989318847656,0.48773419857025146,61.15992736816406,27.51055908203125,67.06241607666016,27.52763557434082,9.966443061828613,31.276498794555664,0.14316757500637323,37,se3_log_map,0.5977474451065063,1.8393748998641968,-0.7513261437416077,-0.7858003973960876,220.81849670410156,166.29747009277344,-66.50838470458984
-0.9096895456314087,0.19116894900798798,1.910603642463684,230.0326690673828,15.146663665771484,97.7967300415039,0.4893660545349121,60.72464370727539,27.018756866455078,66.46424102783203,27.03525161743164,9.936705589294434,30.96045684814453,0.14313005800067913,37,se3_log_map,0.597506046295166,1.838688850402832,-0.7496861815452576,-0.7860751152038574,221.51638793945312,166.52301025390625,-66.49237823486328
-0.9088289141654968,0.1916542947292328,1.9094507694244385,230.6565704345703,14.981399536132812,97.8714599609375,0.48927512764930725,60.25640869140625,26.58990478515625,65.86241912841797,26.605857849121094,9.822747230529785,30.667654037475586,0.14473948800878134,37,se3_log_map,0.597000002861023,1.8380564451217651,-0.7479592561721802,-0.7862536311149597,222.14968872070312,166.71795654296875,-66.36164093017578
-0.9074528217315674,0.19207176566123962,1.9083821773529053,230.87754821777344,14.695907592773438,97.90982055664062,0.4905855059623718,59.59804916381836,26.47113037109375,65.21233367919922,26.48666000366211,9.42435073852539,30.448965072631836,0.14437066100072116,37,se3_log_map,0.5923206806182861,1.8375966548919678,-0.7458164691925049,-0.7860150933265686,222.4925079345703,166.66087341308594,-65.88642120361328
-0.9058453440666199,0.1925913542509079,1.9075084924697876,230.9596405029297,14.358787536621094,97.97338104248047,0.49075812101364136,58.93290328979492,26.43451499938965,64.59001922607422,26.449750900268555,8.860655784606934,30.25815773010254,0.14310590899549425,37,se3_log_map,0.5961880683898926,1.8374046087265015,-0.7434883713722229,-0.785673201084137,222.74378967285156,166.55857849121094,-65.26831817626953
-0.9046968221664429,0.19299183785915375,1.9061965942382812,231.4483642578125,14.191154479980469,98.05511474609375,0.49153804779052734,58.31784439086914,26.101964950561523,63.89274978637695,26.116680145263672,8.648255348205566,29.977941513061523,0.1439239409955917,37,se3_log_map,0.5956878662109375,1.836661696434021,-0.7414529323577881,-0.7856204509735107,223.26856994628906,166.7020721435547,-65.00476837158203
-0.9036178588867188,0.19340689480304718,1.9047797918319702,232.0363006591797,14.073554992675781,98.18601989746094,0.49203556776046753,57.71937561035156,25.667470932006836,63.16918182373047,25.681625366210938,8.479602813720703,29.671850204467773,0.14705644799687434,37,se3_log_map,0.5947657823562622,1.8358126878738403,-0.7394226789474487,-0.7856490612030029,223.86444091796875,166.9588623046875,-64.79877471923828
-0.902235746383667,0.1940658688545227,1.9038515090942383,232.44577026367188,13.8311767578125,98.47616577148438,0.49223095178604126,57.19562530517578,25.25076675415039,62.521522521972656,25.26447868347168,7.928394794464111,29.38741111755371,0.1442201179888798,37,se3_log_map,0.5936548113822937,1.8355646133422852,-0.7372023463249207,-0.7855892181396484,224.3984375,167.2540283203125,-64.29985046386719
-0.9004643559455872,0.19415315985679626,1.9021778106689453,232.69036865234375,13.724105834960938,98.44552612304688,0.4932086169719696,56.20677185058594,25.153404235839844,61.578365325927734,25.166597366333008,7.704788684844971,29.09833335876465,0.14498674400965683,37,se3_log_map,0.5908859968185425,1.8345208168029785,-0.7345699667930603,-0.7849224805831909,224.67547607421875,167.1988525390625,-63.91630172729492
-0.8987331986427307,0.19415906071662903,1.9003238677978516,233.05859375,13.715049743652344,98.34979248046875,0.4934631288051605,55.18390655517578,25.014896392822266,60.58884811401367,25.02750015258789,7.677757740020752,28.78251075744629,0.1444724210014101,37,se3_log_map,0.5890867710113525,1.8332717418670654,-0.7319364547729492,-0.7842457294464111,224.99998474121094,167.1699981689453,-63.707706451416016
-0.897364616394043,0.1940385401248932,1.8983525037765503,233.75657653808594,13.867424011230469,98.23112487792969,0.4942289888858795,54.2458610534668,24.67717933654785,59.5951042175293,24.68914794921875,8.002585411071777,28.40555763244629,0.14727639500051737,37,se3_log_map,0.5945531129837036,1.8317816257476807,-0.7296739816665649,-0.7837112545967102,225.53207397460938,167.3105926513672,-63.85532760620117
-0.8958269953727722,0.19424371421337128,1.8970706462860107,234.343994140625,13.916679382324219,98.24696350097656,0.4943781793117523,53.49762725830078,24.33013343811035,58.770328521728516,24.341567993164062,8.003924369812012,28.063392639160156,0.14726882199465763,37,se3_log_map,0.5939769744873047,1.8310712575912476,-0.7274043560028076,-0.7832038998603821,226.04006958007812,167.51023864746094,-63.8177490234375
-0.8938031196594238,0.19472472369670868,1.8964979648590088,234.61705017089844,13.799659729003906,98.31381225585938,0.4954720437526703,52.810935974121094,24.156068801879883,58.07331848144531,24.16716957092285,7.556286334991455,27.78722381591797,0.14502228000492323,37,se3_log_map,0.5912549495697021,1.8312127590179443,-0.7248595356941223,-0.7824680805206299,226.3631134033203,167.57176208496094,-63.453678131103516
-0.8917196989059448,0.19526275992393494,1.8961656093597412,234.8756561279297,13.669013977050781,98.41741180419922,0.49595990777015686,52.18293762207031,23.96558380126953,57.423065185546875,23.976388931274414,7.041458606719971,27.513099670410156,0.14563395000004675,37,se3_log_map,0.5850592255592346,1.8316025733947754,-0.722345232963562,-0.7816892266273499,226.6885528564453,167.6567840576172,-63.06346893310547
-0.8899884223937988,0.19590286910533905,1.8960938453674316,235.3653106689453,13.590911865234375,98.65489196777344,0.4968840181827545,51.77747344970703,23.535072326660156,56.87535858154297,23.545549392700195,6.601525783538818,27.20676612854004,0.1434814840031322,37,se3_log_map,0.5898751020431519,1.8321802616119385,-0.7202414274215698,-0.7811726331710815,227.2143096923828,167.99122619628906,-62.81976318359375
-0.8882118463516235,0.19623087346553802,1.895735502243042,235.86196899414062,13.595893859863281,98.80284118652344,0.49733495712280273,51.208370208740234,23.158687591552734,56.20161819458008,23.168787002563477,6.352234363555908,26.87322235107422,0.14510226900165435,37,se3_log_map,0.585823118686676,1.8323911428451538,-0.7181394100189209,-0.7804035544395447,227.70155334472656,168.25364685058594,-62.6762809753418
-0.8862371444702148,0.19635404646396637,1.8952264785766602,236.2840118408203,13.644241333007812,98.88749694824219,0.49802476167678833,50.484100341796875,22.866111755371094,55.421146392822266,22.875802993774414,6.141390323638916,26.524192810058594,0.14636721600254532,37,se3_log_map,0.5839927196502686,1.8324334621429443,-0.7158957719802856,-0.7793499231338501,228.10101318359375,168.427734375,-62.533790588378906
-0.8840880990028381,0.19644758105278015,1.8950101137161255,236.6313018798828,13.682182312011719,98.99223327636719,0.4986759424209595,49.75876235961914,22.59981346130371,54.650577545166016,22.609163284301758,5.839829921722412,26.16898536682129,0.1451591289951466,37,se3_log_map,0.5855044722557068,1.832764744758606,-0.7136510014533997,-0.7780877351760864,228.45205688476562,168.57676696777344,-62.340885162353516
-0.882131814956665,0.19633229076862335,1.8943448066711426,237.2243194580078,13.863334655761719,99.04222106933594,0.4997020959854126,48.950679779052734,22.231170654296875,53.76238250732422,22.24004554748535,5.864868640899658,25.76130485534668,0.14604942599544302,37,se3_log_map,0.5847162008285522,1.8325684070587158,-0.7114947438240051,-0.7768592834472656,228.94422912597656,168.81785583496094,-62.40679931640625
-0.8800537586212158,0.1962602138519287,1.8937433958053589,237.8096923828125,14.016891479492188,99.1649398803711,0.5002555847167969,48.142066955566406,21.821693420410156,52.856834411621094,21.83011245727539,5.7927703857421875,25.3382568359375,0.1449740899988683,37,se3_log_map,0.5853930711746216,1.832471489906311,-0.7092275619506836,-0.7755756378173828,229.46078491210938,169.10877990722656,-62.385494232177734
-0.8776602745056152,0.1960010528564453,1.8930344581604004,238.22991943359375,14.18328857421875,99.18016052246094,0.5012693405151367,47.158878326416016,21.583269119262695,51.86325454711914,21.591266632080078,5.679245471954346,24.924440383911133,0.14666068900260143,37,se3_log_map,0.5839767456054688,1.8322772979736328,-0.7067188620567322,-0.77393639087677,229.81602478027344,169.22105407714844,-62.31207275390625
-0.8752285838127136,0.1956319957971573,1.8924158811569214,238.65719604492188,14.371635437011719,99.18270111083984,0.501886785030365,46.15542984008789,21.35470962524414,50.856143951416016,21.362295150756836,5.602226734161377,24.49904441833496,0.14806565300386865,37,se3_log_map,0.5855256915092468,1.8321301937103271,-0.70428866147995,-0.7721487879753113,230.1735076904297,169.31736755371094,-62.27544021606445
-0.8730098009109497,0.1952657848596573,1.8919811248779297,239.24021911621094,14.620681762695312,99.21672821044922,0.5025997161865234,45.26614761352539,21.030179977416992,49.91284942626953,21.037353515625,5.666584014892578,24.06266212463379,0.14590888199745677,37,se3_log_map,0.587842583656311,1.8321001529693604,-0.7021560668945312,-0.7704602479934692,230.6463623046875,169.53024291992188,-62.39512252807617
-0.8707401156425476,0.19485771656036377,1.8917591571807861,239.7821502685547,14.867935180664062,99.22831726074219,0.5030679702758789,44.39801025390625,20.755952835083008,49.0101318359375,20.76274871826172,5.7208123207092285,23.640029907226562,0.14730697699997108,37,se3_log_map,0.5883957743644714,1.8322561979293823,-0.7001081705093384,-0.7686513662338257,231.08518981933594,169.6964111328125,-62.52470779418945
-0.8683376908302307,0.19509673118591309,1.8927664756774902,240.09396362304688,14.779373168945312,99.7002944946289,0.5043858289718628,43.985572814941406,20.235370635986328,48.41694641113281,20.241926193237305,4.955368518829346,23.244184494018555,0.1452286150015425,37,se3_log_map,0.5877593755722046,1.8337879180908203,-0.6981449723243713,-0.7670798897743225,231.56002807617188,170.0929412841797,-62.057098388671875
-0.8660010695457458,0.19544564187526703,1.8939883708953857,240.40098571777344,14.614418029785156,100.36299896240234,0.5046865940093994,43.70655059814453,19.5666561126709,47.886497497558594,19.57297134399414,4.1295599937438965,22.82672691345215,0.14512754099268932,37,se3_log_map,0.5877442955970764,1.8355374336242676,-0.6962816119194031,-0.7656071782112122,232.10342407226562,170.63864135742188,-61.42655944824219
-0.8641373515129089,0.1955157071352005,1.8946306705474854,240.891845703125,14.574012756347656,100.98672485351562,0.5037190914154053,43.3597412109375,18.84064292907715,47.27617645263672,18.8466796875,3.804931640625,22.38758659362793,0.1460723100026371,37,se3_log_map,0.5868992209434509,1.8365553617477417,-0.694757342338562,-0.764314591884613,232.7440948486328,171.26658630371094,-61.023902893066406
-0.8620750904083252,0.19458499550819397,1.8936221599578857,241.41188049316406,14.839691162109375,101.13436889648438,0.5058207511901855,42.25251388549805,18.461515426635742,46.10968017578125,18.46710777282715,3.833237409591675,21.89179039001465,0.14836099300009664,37,se3_log_map,0.5852494835853577,1.835759162902832,-0.692842423915863,-0.762330174446106,233.20677185058594,171.51451110839844,-61.017860412597656
-0.8596749305725098,0.19270382821559906,1.8911473751068115,241.86729431152344,15.418937683105469,100.69060516357422,0.5088817477226257,40.40959167480469,18.58868980407715,44.48004913330078,18.593799591064453,4.276665210723877,21.389795303344727,0.14739055999962147,37,se3_log_map,0.5879031419754028,1.833364725112915,-0.6904714703559875,-0.7595670223236084,233.38157653808594,171.24966430664062,-61.44657897949219
-0.8574134707450867,0.19088564813137054,1.8889273405075073,242.37777709960938,15.958625793457031,100.43167877197266,0.5073245763778687,38.69734191894531,18.572416305541992,42.92340850830078,18.577072143554688,4.900519371032715,20.85866355895996,0.1483194820029894,37,se3_log_map,0.5901376605033875,1.831191062927246,-0.688330352306366,-0.7568948864936829,233.66482543945312,171.16331481933594,-61.79315948486328
-0.8555245399475098,0.18965449929237366,1.8879354000091553,243.0213623046875,16.35808563232422,100.52688598632812,0.5070029497146606,37.5521125793457,18.241519927978516,41.748226165771484,18.24578285217285,5.292335033416748,20.347469329833984,0.14592960498703178,37,se3_log_map,0.5897146463394165,1.830259919166565,-0.6867926120758057,-0.7547382116317749,234.18365478515625,171.44097900390625,-62.026248931884766
-0.8536467552185059,0.1891999989748001,1.8884936571121216,243.4678955078125,16.390052795410156,101.12490844726562,0.5096069574356079,37.01567840576172,17.55777359008789,40.968719482421875,17.561786651611328,4.803343296051025,19.863901138305664,0.14540117600699887,37,se3_log_map,0.5908348560333252,1.8310117721557617,-0.6855432987213135,-0.7529658079147339,234.77932739257812,171.99700927734375,-61.67689514160156
-0.851510226726532,0.18913187086582184,1.8900349140167236,243.55894470214844,16.11310577392578,102.04318237304688,0.5134541392326355,36.78392028808594,16.71257781982422,40.402565002441406,16.716411590576172,3.675420045852661,19.386686325073242,0.14891249799984507,37,se3_log_map,0.5857704877853394,1.8328510522842407,-0.6842834949493408,-0.7511667013168335,235.2630615234375,172.5959014892578,-60.748477935791016
-0.8492320775985718,0.18896766006946564,1.8914998769760132,243.59019470214844,15.844833374023438,102.93206024169922,0.513306736946106,36.50580596923828,15.921271324157715,39.82663345336914,15.92494010925293,2.8995869159698486,18.899505615234375,0.14549251899006777,37,se3_log_map,0.5873139500617981,1.834617257118225,-0.6829067468643188,-0.7492042779922485,235.6887969970703,173.1393280029297,-59.79193115234375
-0.847250759601593,0.18817627429962158,1.891811728477478,244.0198516845703,15.946846008300781,103.49859619140625,0.5131255388259888,35.82688903808594,15.260695457458496,38.94168472290039,15.264090538024902,2.8426084518432617,18.370994567871094,0.14634267300425563,37,se3_log_map,0.583225667476654,1.8350471258163452,-0.681643009185791,-0.7471076846122742,236.24856567382812,173.65635681152344,-59.47958755493164
-0.8453426957130432,0.18654856085777283,1.890525221824646,244.736572265625,16.48632049560547,103.61903381347656,0.5160292983055115,34.502323150634766,14.87967300415039,37.574127197265625,14.88272476196289,3.089121103286743,17.804231643676758,0.14733250399876852,37,se3_log_map,0.5880025029182434,1.8337100744247437,-0.680195689201355,-0.7446320056915283,236.79798889160156,174.007080078125,-59.82012939453125
-0.8429023027420044,0.18459028005599976,1.8889671564102173,245.1123809814453,17.025070190429688,103.49317932128906,0.5186010003089905,32.89902114868164,14.83721923828125,36.09000778198242,14.839977264404297,3.1275177001953125,17.272891998291016,0.14649432600708678,37,se3_log_map,0.587723433971405,1.8321231603622437,-0.6783164143562317,-0.7415599822998047,237.01666259765625,173.96405029296875,-60.062862396240234
-0.8404147028923035,0.18287701904773712,1.8878405094146729,245.36685180664062,17.408035278320312,103.58875274658203,0.5185436010360718,31.502477645874023,14.64596939086914,34.74061965942383,14.648491859436035,3.0340168476104736,16.739980697631836,0.14547344000311568,37,se3_log_map,0.5847280025482178,1.831025242805481,-0.6764532923698425,-0.7385885119438171,237.23886108398438,174.02804565429688,-60.00525665283203
-0.8385993242263794,0.18150535225868225,1.8874282836914062,245.89312744140625,17.713607788085938,104.11078643798828,0.5204843878746033,30.522756576538086,14.022950172424316,33.589908599853516,14.025212287902832,3.088085412979126,16.153268814086914,0.14764945099886972,37,se3_log_map,0.5829951167106628,1.830554485321045,-0.6753693222999573,-0.7362185716629028,237.8103790283203,174.5880126953125,-59.8949089050293
-0.8366938233375549,0.1803680658340454,1.8874938488006592,246.22238159179688,17.844024658203125,104.82754516601562,0.5222152471542358,29.74007225036621,13.26430606842041,32.563995361328125,13.266351699829102,2.8531477451324463,15.564979553222656,0.14649037399794906,37,se3_log_map,0.5883744359016418,1.8306210041046143,-0.6742822527885437,-0.7339019775390625,238.32028198242188,175.19212341308594,-59.44887161254883
-0.8345261216163635,0.17916204035282135,1.8876094818115234,246.26596069335938,17.908660888671875,105.50857543945312,0.52310711145401,28.923311233520508,12.57956600189209,31.54050636291504,12.581428527832031,2.4350979328155518,14.988219261169434,0.14755345399316866,37,se3_log_map,0.5813820958137512,1.830766201019287,-0.6730108857154846,-0.7313384413719177,238.60409545898438,175.62313842773438,-58.807456970214844
-0.83263099193573,0.177664116024971,1.8870978355407715,246.53579711914062,18.176368713378906,106.06817626953125,0.5238159894943237,27.914873123168945,11.970308303833008,30.373153686523438,11.971968650817871,2.370271921157837,14.402236938476562,0.14553564599191304,37,se3_log_map,0.585289716720581,1.8301774263381958,-0.6718857288360596,-0.7288193106651306,238.97897338867188,176.10528564453125,-58.500038146972656
-0.8308148384094238,0.1755613088607788,1.885634183883667,246.97520446777344,18.803611755371094,106.12698364257812,0.5252652764320374,26.48049545288086,11.831809043884277,29.00359344482422,11.83327865600586,2.517563581466675,13.885970115661621,0.14548649100470357,37,se3_log_map,0.5872429013252258,1.8284895420074463,-0.6707661151885986,-0.7259987592697144,239.2606658935547,176.312255859375,-58.82841110229492
-0.8290995359420776,0.17368316650390625,1.884757161140442,247.27999877929688,19.301536560058594,106.37776947021484,0.5253911018371582,25.29011344909668,11.553295135498047,27.80411148071289,11.554598808288574,2.635180711746216,13.370796203613281,0.1478021179937059,37,se3_log_map,0.5840373039245605,1.8273946046829224,-0.6698846817016602,-0.7233254313468933,239.51336669921875,176.61288452148438,-58.932586669921875
-0.827390193939209,0.1722121238708496,1.8847936391830444,247.29794311523438,19.49333953857422,107.03506469726562,0.5267238616943359,24.477767944335938,10.894611358642578,26.79279327392578,10.895792007446289,2.311415433883667,12.80742359161377,0.14678985100181308,37,se3_log_map,0.5864995121955872,1.8272768259048462,-0.6691867709159851,-0.7208337783813477,239.7195587158203,177.07644653320312,-58.46820831298828
-0.8259223699569702,0.1708003133535385,1.8851370811462402,247.30812072753906,19.677001953125,107.79946899414062,0.5273647308349609,23.792232513427734,10.132307052612305,25.859893798828125,10.133368492126465,2.145034074783325,12.229830741882324,0.14724685199325904,37,se3_log_map,0.5841231346130371,1.8274084329605103,-0.6688271760940552,-0.7184893488883972,239.9410858154297,177.6495819091797,-57.99137496948242
-0.8245617747306824,0.16938546299934387,1.885250449180603,247.37579345703125,19.91656494140625,108.56014251708984,0.5263749957084656,23.08916664123535,9.379081726074219,24.921415328979492,9.380016326904297,2.1892409324645996,11.664711952209473,0.1454794640012551,37,se3_log_map,0.5858336687088013,1.8273063898086548,-0.6684637665748596,-0.7162619829177856,240.1840057373047,178.2776641845703,-57.5805778503418
-0.8228651285171509,0.16738957166671753,1.8839075565338135,247.41952514648438,20.477561950683594,108.69955444335938,0.5287185907363892,21.841991424560547,9.283447265625,23.732995986938477,9.284284591674805,1.9561399221420288,11.250819206237793,0.14706681000825483,37,se3_log_map,0.5855815410614014,1.825742244720459,-0.6674633026123047,-0.7135921120643616,240.15077209472656,178.43637084960938,-57.64558029174805
-0.8213316798210144,0.1651446670293808,1.8821911811828613,247.58079528808594,21.19647216796875,108.6086654663086,0.5273897647857666,20.450838088989258,9.477791786193848,22.540306091308594,9.478532791137695,2.0289900302886963,10.913925170898438,0.14670393599953968,37,se3_log_map,0.5874215960502625,1.823712944984436,-0.6666058897972107,-0.7108815908432007,240.1134490966797,178.4839324951172,-58.03939437866211
-0.8205522298812866,0.16372385621070862,1.8817827701568604,247.85780334472656,21.55541229248047,109.27086639404297,0.5283924341201782,19.712173461914062,8.910750389099121,21.632644653320312,8.911417007446289,2.2719414234161377,10.437644004821777,0.14685161001398228,37,se3_log_map,0.586501955986023,1.8230066299438477,-0.6665626764297485,-0.709145724773407,240.4567108154297,179.17898559570312,-57.913780212402344
-0.819304883480072,0.16245630383491516,1.8820823431015015,247.55833435058594,21.652626037597656,109.81942749023438,0.5298395752906799,19.190950393676758,8.397224426269531,20.947696685791016,8.397833824157715,1.8015109300613403,10.062559127807617,0.14760166499763727,37,se3_log_map,0.5875018835067749,1.8231043815612793,-0.6663058400154114,-0.707088053226471,240.37652587890625,179.44354248046875,-57.38777542114258
-0.8184296488761902,0.1613445281982422,1.8824748992919922,247.3255157470703,21.70800018310547,110.36719512939453,0.5289902091026306,18.77532958984375,7.887749671936035,20.364912033081055,7.888298511505127,1.5919166803359985,9.713913917541504,0.1472632820077706,37,se3_log_map,0.5855458378791809,1.8232619762420654,-0.6663488745689392,-0.7053995132446289,240.35958862304688,179.7349853515625,-56.91646957397461
-0.818085789680481,0.1600324660539627,1.8821985721588135,247.574951171875,22.059188842773438,110.72161102294922,0.5295335054397583,18.134180068969727,7.657779216766357,19.684768676757812,7.658285140991211,1.8400697708129883,9.394495964050293,0.14643097500083968,37,se3_log_map,0.5886647701263428,1.8226211071014404,-0.6667147278785706,-0.7040229439735413,240.60218811035156,180.1571502685547,-57.049888610839844
-0.8174811005592346,0.158345028758049,1.8811798095703125,247.74073791503906,22.56340789794922,110.60126495361328,0.5290850400924683,17.19313621520996,7.956218719482422,18.944799423217773,7.956689834594727,1.9800537824630737,9.227232933044434,0.14888244100438897,37,se3_log_map,0.5863432884216309,1.8212250471115112,-0.6667255163192749,-0.7022902369499207,240.61741638183594,180.15042114257812,-57.47797775268555
-0.8168154358863831,0.15707756578922272,1.8811455965042114,247.5336151123047,22.713546752929688,110.78846740722656,0.5288539528846741,16.648033142089844,7.842253684997559,18.402664184570312,7.842678070068359,1.7110580205917358,9.01870346069336,0.14640890499867965,37,se3_log_map,0.5861177444458008,1.8208916187286377,-0.6668694019317627,-0.7006897330284119,240.50494384765625,180.1592559814453,-57.323307037353516
-0.8166754245758057,0.1562633216381073,1.8818401098251343,247.4547119140625,22.678802490234375,111.38168334960938,0.5302255153656006,16.433141708374023,7.291385173797607,17.978113174438477,7.291794776916504,1.6147140264511108,8.685590744018555,0.1473354420013493,37,se3_log_map,0.5851805210113525,1.8212707042694092,-0.6675645709037781,-0.6996946334838867,240.65049743652344,180.5443115234375,-56.945640563964844
-0.8166102766990662,0.1554948389530182,1.8824527263641357,247.3873291015625,22.63140106201172,111.92217254638672,0.5290192365646362,16.230241775512695,6.789193630218506,17.59300994873047,6.789563179016113,1.677609920501709,8.372993469238281,0.14749090900295414,37,se3_log_map,0.5880820155143738,1.821574330329895,-0.6682643890380859,-0.6988088488578796,240.79550170898438,180.8851318359375,-56.59722137451172
-0.8162093162536621,0.15430644154548645,1.8819608688354492,247.2871856689453,22.80432891845703,111.89844512939453,0.5299389362335205,15.628941535949707,6.895020961761475,17.082305908203125,6.8953752517700195,1.4294533729553223,8.248662948608398,0.14737494199653156,37,se3_log_map,0.5890125036239624,1.8207921981811523,-0.6683999300003052,-0.6975563168525696,240.7080078125,180.7642822265625,-56.63235092163086
-0.8161654472351074,0.1531161069869995,1.8812092542648315,247.43063354492188,23.082748413085938,111.84898376464844,0.5296180248260498,14.948410034179688,7.072994232177734,16.53730010986328,7.073311805725098,1.6303642988204956,8.11072063446045,0.1453188970044721,37,se3_log_map,0.5872476696968079,1.8196924924850464,-0.6687583327293396,-0.6965961456298828,240.77999877929688,180.76629638671875,-56.90623092651367
-0.8163455128669739,0.15232394635677338,1.8811442852020264,247.50421142578125,23.150390625,112.0895004272461,0.5297332406044006,14.576191902160645,6.9026055335998535,16.12796974182129,6.902914524078369,1.780875563621521,7.893682956695557,0.147535111012985,37,se3_log_map,0.5878339409828186,1.8193124532699585,-0.6693952083587646,-0.6959998607635498,240.9242401123047,180.9479522705078,-56.875946044921875
-0.8165053129196167,0.1522148996591568,1.8820080757141113,247.27259826660156,22.812232971191406,112.85953521728516,0.5275302529335022,14.716323852539062,6.077559947967529,15.921904563903809,6.077850818634033,1.705785870552063,7.568317890167236,0.1472470209992025,37,se3_log_map,0.5906543135643005,1.8200299739837646,-0.6700106263160706,-0.6958143711090088,241.05393981933594,181.38096618652344,-56.09479522705078
-0.8161234259605408,0.1515747606754303,1.8815953731536865,246.95376586914062,22.789764404296875,112.86116027832031,0.5279440879821777,14.374934196472168,6.085672855377197,15.610069274902344,6.0859527587890625,1.3002731800079346,7.53057861328125,0.14797698199981824,37,se3_log_map,0.5871531367301941,1.819509506225586,-0.6698582172393799,-0.6950629949569702,240.8212432861328,181.1851806640625,-55.84397506713867
-0.8161659240722656,0.15077994763851166,1.880333662033081,247.19882202148438,23.133438110351562,112.61857604980469,0.5301741361618042,13.742733001708984,6.460057735443115,15.185359954833984,6.460317134857178,1.4208545684814453,7.526483058929443,0.1463508879969595,37,se3_log_map,0.5886397361755371,1.8180623054504395,-0.6698188781738281,-0.6946382522583008,240.876220703125,181.14068603515625,-56.29117202758789
-0.8164768815040588,0.15004952251911163,1.8790764808654785,247.5599822998047,23.48656463623047,112.41122436523438,0.527932345867157,13.126850128173828,6.825178623199463,14.795180320739746,6.825423717498779,2.121675491333008,7.490321636199951,0.14796105898858514,37,se3_log_map,0.5873845219612122,1.816582202911377,-0.669996976852417,-0.6944506168365479,241.0316162109375,181.18582153320312,-56.81228256225586
-0.8166322112083435,0.15012870728969574,1.8793706893920898,247.32884216308594,23.25908660888672,112.85240173339844,0.5297110676765442,13.210454940795898,6.338192462921143,14.652266502380371,6.338437557220459,1.7452837228775024,7.334597110748291,0.14511102899268735,37,se3_log_map,0.5884777307510376,1.816845417022705,-0.670229434967041,-0.6945613026618958,241.01681518554688,181.41436767578125,-56.27348709106445
-0.8163502812385559,0.1501670479774475,1.879775047302246,246.70166015625,22.87079620361328,113.17147827148438,0.5275797843933105,13.338725090026855,5.906440258026123,14.587930679321289,5.906686782836914,1.135238766670227,7.266826629638672,0.14532936998875812,37,se3_log_map,0.5864495635032654,1.8172919750213623,-0.6701222658157349,-0.694320023059845,240.6978302001953,181.29959106445312,-55.450138092041016
-0.8168030381202698,0.15006929636001587,1.8791255950927734,246.9401092529297,22.975341796875,113.19861602783203,0.529322624206543,13.11824893951416,5.917238235473633,14.391048431396484,5.917471885681152,1.386244773864746,7.197959899902344,0.14527230999374297,37,se3_log_map,0.586089015007019,1.8165621757507324,-0.6703169941902161,-0.6946741938591003,240.86502075195312,181.46585083007812,-55.62096405029297
-0.8171924352645874,0.14965058863162994,1.87771737575531,247.3453826904297,23.317054748535156,112.83214569091797,0.5290720462799072,12.61609935760498,6.388688087463379,14.141478538513184,6.388914585113525,1.9285110235214233,7.237908840179443,0.145265945000574,37,se3_log_map,0.5879462361335754,1.8150361776351929,-0.6703053712844849,-0.6948596835136414,241.00401306152344,181.4149932861328,-56.24329376220703
-0.8171657919883728,0.14960280060768127,1.8771811723709106,247.1908416748047,23.27032470703125,112.70751190185547,0.5290670394897461,12.495742797851562,6.467133522033691,14.070093154907227,6.467350006103516,1.7459291219711304,7.2821946144104,0.1468999249918852,37,se3_log_map,0.5855693817138672,1.8145338296890259,-0.6700651049613953,-0.6949169635772705,240.8528289794922,181.2284393310547,-56.15122604370117
-0.8171645402908325,0.14995944499969482,1.877294659614563,246.86358642578125,22.99677276611328,112.84564971923828,0.5295963287353516,12.677693367004395,6.222790718078613,14.122575759887695,6.223004341125488,1.2593961954116821,7.280306339263916,0.14847253300831653,37,se3_log_map,0.5881969332695007,1.814765214920044,-0.6698927879333496,-0.6952188611030579,240.68359375,181.15232849121094,-55.68046951293945
-0.8178768157958984,0.15056966245174408,1.8777093887329102,246.9564208984375,22.73785400390625,113.29914093017578,0.5285227298736572,12.9784574508667,5.695987224578857,14.173380851745605,5.696218490600586,1.6037992238998413,7.107223033905029,0.14728677801031154,37,se3_log_map,0.5866014957427979,1.8152042627334595,-0.6703764796257019,-0.6961604952812195,240.93527221679688,181.55087280273438,-55.33171844482422
-0.8180077075958252,0.1506030112504959,1.8770301342010498,246.986572265625,22.77922821044922,112.99835968017578,0.5301995277404785,12.86032485961914,5.963016510009766,14.175529479980469,5.963225364685059,1.5136183500289917,7.199865818023682,0.14525091399264056,37,se3_log_map,0.588841438293457,1.8145650625228882,-0.6701691746711731,-0.6964285373687744,240.86318969726562,181.32025146484375,-55.51940155029297
-0.8180249929428101,0.15059225261211395,1.8762576580047607,246.96844482421875,22.83636474609375,112.58661651611328,0.5295442342758179,12.72170639038086,6.339374542236328,14.21371078491211,6.339598178863525,1.4559160470962524,7.339311122894287,0.14618022099602968,37,se3_log_map,0.5850931406021118,1.8138495683670044,-0.6698389053344727,-0.6966012716293335,240.7191619873047,180.9730987548828,-55.74695587158203
-0.8185929656028748,0.15088675916194916,1.8762685060501099,247.09002685546875,22.726043701171875,112.6418228149414,0.530066967010498,12.82483196258545,6.224818229675293,14.255693435668945,6.225050449371338,1.6394091844558716,7.285789489746094,0.14772362999792676,37,se3_log_map,0.5864207744598389,1.8138383626937866,-0.6701985001564026,-0.6972465515136719,240.8614959716797,181.05084228515625,-55.74425506591797
-0.8190692067146301,0.15133053064346313,1.876771092414856,247.02259826660156,22.449752807617188,112.85120391845703,0.5302070379257202,13.091876029968262,5.909153938293457,14.363683700561523,5.9093852043151855,1.603043556213379,7.209022521972656,0.14716627400775906,37,se3_log_map,0.5875632762908936,1.8143513202667236,-0.6706027984619141,-0.6978590488433838,240.93820190429688,181.1312255859375,-55.45133972167969
-0.8192852139472961,0.1515635997056961,1.8769989013671875,246.82391357421875,22.226951599121094,112.87691497802734,0.5297558307647705,13.230545043945312,5.798179626464844,14.445286750793457,5.79841423034668,1.414883017539978,7.208211421966553,0.14718187499966007,37,se3_log_map,0.5853855013847351,1.814595103263855,-0.6707663536071777,-0.6981661319732666,240.8461456298828,181.00205993652344,-55.20378112792969
-0.8195037841796875,0.15135130286216736,1.8764642477035522,246.8822784423828,22.31214141845703,112.52645874023438,0.5301670432090759,13.03132438659668,6.13841438293457,14.404709815979004,6.138646602630615,1.408570647239685,7.280393600463867,0.14525248100108,37,se3_log_map,0.587898850440979,1.8139814138412476,-0.6708616614341736,-0.6982346773147583,240.7874755859375,180.72537231445312,-55.51051712036133
-0.8200706839561462,0.1514146775007248,1.8763151168823242,247.1349334716797,22.35387420654297,112.39366149902344,0.5297502875328064,13.017685890197754,6.2536845207214355,14.441911697387695,6.25391960144043,1.7945016622543335,7.274362564086914,0.146210817998508,37,se3_log_map,0.5870283842086792,1.8137420415878296,-0.6712915301322937,-0.6987022757530212,240.9534912109375,180.7244873046875,-55.81015396118164
-0.8204901218414307,0.15159830451011658,1.876796007156372,247.1061248779297,22.21142578125,112.39823913574219,0.530073344707489,13.176836967468262,6.187027454376221,14.557075500488281,6.187260150909424,1.7779666185379028,7.2591233253479,0.1452455690014176,37,se3_log_map,0.5867827534675598,1.8141546249389648,-0.6717954874038696,-0.6990426778793335,240.97906494140625,180.6670379638672,-55.78199768066406
-0.8208090662956238,0.15207995474338531,1.8779990673065186,246.80702209472656,21.8143310546875,112.72551727294922,0.5294679999351501,13.617866516113281,5.752201557159424,14.782902717590332,5.752435207366943,1.49569833278656,7.18879508972168,0.14718426199397072,37,se3_log_map,0.5863732099533081,1.8153568506240845,-0.6723494529724121,-0.6994298100471497,240.935546875,180.71278381347656,-55.26007080078125
-0.8210338354110718,0.1521066576242447,1.8782451152801514,246.69715881347656,21.7149658203125,112.6246337890625,0.5294447541236877,13.676937103271484,5.819069862365723,14.863387107849121,5.8193254470825195,1.3649004697799683,7.216142177581787,0.14820244800648652,37,se3_log_map,0.5856435298919678,1.8155417442321777,-0.6726594567298889,-0.6995487809181213,240.85574340820312,180.5355224609375,-55.25140380859375
-0.8214544057846069,0.15159377455711365,1.8775725364685059,247.04055786132812,21.9979248046875,112.04737091064453,0.5294129848480225,13.310479164123535,6.419950008392334,14.77784538269043,6.420187473297119,1.8397847414016724,7.299845218658447,0.15058175098965876,37,se3_log_map,0.5876648426055908,1.8146493434906006,-0.6730704307556152,-0.6995057463645935,240.93304443359375,180.20831298828125,-56.02810287475586
-0.8221026659011841,0.15129172801971436,1.877551794052124,247.2813262939453,22.09557342529297,111.86272430419922,0.5272994637489319,13.173232078552246,6.614222049713135,14.74049186706543,6.614463806152344,2.3885910511016846,7.268332004547119,0.1463419089996023,37,se3_log_map,0.5884114503860474,1.8143783807754517,-0.6738652586936951,-0.6996627449989319,241.0778045654297,180.13946533203125,-56.44091033935547
-0.8226560950279236,0.1514127254486084,1.8787367343902588,247.0711669921875,21.79395294189453,112.114013671875,0.529785692691803,13.482357025146484,6.278274059295654,14.87248420715332,6.278522491455078,2.0274319648742676,7.1655802726745605,0.14619705700897612,37,se3_log_map,0.5870367288589478,1.8153822422027588,-0.6748603582382202,-0.6998766660690308,241.07762145996094,180.15382385253906,-56.13188552856445
-0.8231126070022583,0.15185652673244476,1.8805608749389648,246.5831298828125,21.253761291503906,112.69366455078125,0.528412938117981,14.107545852661133,5.6103620529174805,15.182197570800781,5.610612869262695,1.5029945373535156,7.026889801025391,0.14637469800072722,37,se3_log_map,0.588442862033844,1.817108154296875,-0.6758568286895752,-0.700179934501648,240.9935760498047,180.29165649414062,-55.32552719116211
-0.8233333230018616,0.1517830789089203,1.881252646446228,246.32736206054688,21.074844360351562,112.66793823242188,0.5271077156066895,14.252588272094727,5.629199981689453,15.32397747039795,5.629464626312256,1.302202582359314,7.032772064208984,0.14558248799585272,37,se3_log_map,0.5889952182769775,1.8176653385162354,-0.6764313578605652,-0.700103759765625,240.84747314453125,180.07687377929688,-55.18519592285156
-0.8238801956176758,0.15141765773296356,1.8808715343475342,246.68020629882812,21.29517364501953,112.3045425415039,0.5306771397590637,14.026754379272461,5.972945690155029,15.245524406433105,5.973208904266357,1.6205936670303345,7.056508541107178,0.14723031900939532,37,se3_log_map,0.585767388343811,1.8170636892318726,-0.677003800868988,-0.700214684009552,240.99961853027344,179.9360809326172,-55.818870544433594
-0.8244960308074951,0.15103638172149658,1.8802859783172607,247.1227264404297,21.57909393310547,111.95445251464844,0.5286210775375366,13.754398345947266,6.348153591156006,15.14868450164795,6.348415374755859,2.472656011581421,7.074075222015381,0.14814886599197052,37,se3_log_map,0.5873191356658936,1.8162531852722168,-0.6775574684143066,-0.7004026174545288,241.20433044433594,179.8754119873047,-56.526039123535156
-0.8245948553085327,0.15104541182518005,1.8804739713668823,246.94894409179688,21.512664794921875,111.86083984375,0.5292077660560608,13.810617446899414,6.428155422210693,15.233333587646484,6.428408622741699,2.313671827316284,7.124076843261719,0.14760519600531552,37,se3_log_map,0.5858110189437866,1.81640625,-0.6777323484420776,-0.7004340887069702,241.0551300048828,179.703857421875,-56.48739242553711
-0.8246670961380005,0.15117651224136353,1.8812241554260254,246.50802612304688,21.260963439941406,112.00871276855469,0.5300878882408142,14.059212684631348,6.268031597137451,15.393174171447754,6.26830530166626,1.6900986433029175,7.133163928985596,0.14720648300135508,37,se3_log_map,0.5863372683525085,1.8171230554580688,-0.6780650615692139,-0.7004343271255493,240.80043029785156,179.58453369140625,-56.06571578979492
-0.8253815770149231,0.15145546197891235,1.8823280334472656,246.35569763183594,20.964385986328125,112.55033874511719,0.5287399888038635,14.519118309020996,5.703371047973633,15.599145889282227,5.703643798828125,1.5816925764083862,6.985736846923828,0.1449123030033661,37,se3_log_map,0.5877550840377808,1.818071961402893,-0.6790804862976074,-0.7009156942367554,240.9020233154297,179.9250030517578,-55.60435485839844
-0.8257248401641846,0.15123771131038666,1.8823939561843872,246.37271118164062,20.965423583984375,112.46663665771484,0.5294999480247498,14.474544525146484,5.779190540313721,15.585620880126953,5.77946662902832,1.6361421346664429,6.971584320068359,0.14603488199645653,37,se3_log_map,0.5872507095336914,1.817976713180542,-0.6795729994773865,-0.7009272575378418,240.90933227539062,179.83177185058594,-55.72995376586914
-0.8257395029067993,0.15056253969669342,1.8815124034881592,246.4995880126953,21.235816955566406,111.88117218017578,0.5295275449752808,13.95722770690918,6.382937431335449,15.347514152526855,6.383210182189941,2.039703607559204,7.059401988983154,0.14610871799231973,37,se3_log_map,0.5865928530693054,1.816925048828125,-0.679600715637207,-0.7005137205123901,240.805908203125,179.3961944580078,-56.32521438598633
-0.8263118863105774,0.15019230544567108,1.8812264204025269,246.78634643554688,21.373069763183594,111.76705169677734,0.5281482934951782,13.78014087677002,6.49085807800293,15.232321739196777,6.491110324859619,2.6432220935821533,7.000017166137695,0.14655810200201813,37,se3_log_map,0.5875502228736877,1.8164013624191284,-0.680243730545044,-0.7006160616874695,240.99221801757812,179.421142578125,-56.70709991455078
-0.8268409371376038,0.15033777058124542,1.8820233345031738,246.63003540039062,21.112289428710938,112.19996643066406,0.5301483273506165,14.109665870666504,6.026230812072754,15.342693328857422,6.026500225067139,2.2751224040985107,6.875467300415039,0.14782306099368725,37,se3_log_map,0.5891769528388977,1.817062497138977,-0.6810243725776672,-0.7009201049804688,241.0583953857422,179.65670776367188,-56.28806686401367
-0.82692950963974,0.15059708058834076,1.8830909729003906,246.09683227539062,20.69292449951172,112.66503143310547,0.5283814072608948,14.522395133972168,5.589572429656982,15.560956954956055,5.589840888977051,1.5459551811218262,6.81454610824585,0.14671150600770488,37,se3_log_map,0.5882066488265991,1.8181118965148926,-0.6814402937889099,-0.7009761929512024,240.8639678955078,179.72235107421875,-55.5047607421875
-0.8268550634384155,0.15049034357070923,1.8831892013549805,245.90341186523438,20.58997344970703,112.59286499023438,0.5274256467819214,14.498817443847656,5.688369274139404,15.574767112731934,5.688634872436523,1.2941328287124634,6.842716693878174,0.14705607001087628,37,se3_log_map,0.5880873203277588,1.818179965019226,-0.6814811825752258,-0.7008064389228821,240.7288360595703,179.5189666748047,-55.378475189208984
-0.8272528052330017,0.15028512477874756,1.882308840751648,246.40330505371094,20.81678009033203,112.38695526123047,0.530591607093811,14.212761878967285,5.8122687339782715,15.355298042297363,5.812533855438232,1.9210635423660278,6.809574127197266,0.14695676499104593,37,se3_log_map,0.5855412483215332,1.817211627960205,-0.6815808415412903,-0.7010795474052429,241.03057861328125,179.591796875,-55.89838409423828
-0.827415406703949,0.1500299572944641,1.8812463283538818,246.80589294433594,21.052757263183594,112.1240463256836,0.5289046168327332,13.838761329650879,6.059154987335205,15.107110977172852,6.0594024658203125,2.579655170440674,6.810497760772705,0.1469483289984055,37,se3_log_map,0.5883214473724365,1.8161118030548096,-0.6814035773277283,-0.7011924386024475,241.23135375976562,179.5785369873047,-56.366092681884766
-0.8270076513290405,0.15011440217494965,1.881041407585144,246.5249481201172,20.966278076171875,112.09114837646484,0.5301061868667603,13.772725105285645,6.108564376831055,15.066606521606445,6.108826637268066,2.1384692192077637,6.870206832885742,0.14597675400727894,37,se3_log_map,0.5881991982460022,1.8160468339920044,-0.68086838722229,-0.7010465264320374,241.00515747070312,179.42063903808594,-56.101314544677734
-0.8268144726753235,0.15045391023159027,1.881360411643982,246.1976776123047,20.744056701660156,112.35850524902344,0.5302160978317261,13.977624893188477,5.8662261962890625,15.158717155456543,5.866487979888916,1.5533876419067383,6.873319149017334,0.14671987800102215,37,se3_log_map,0.5851086378097534,1.8165044784545898,-0.6806207299232483,-0.7011592388153076,240.85179138183594,179.48744201660156,-55.584598541259766
-0.8269709944725037,0.15063908696174622,1.8812386989593506,246.27029418945312,20.71758270263672,112.52355194091797,0.5301148891448975,14.040656089782715,5.687417030334473,15.148823738098145,5.687672138214111,1.6453906297683716,6.837925434112549,0.14997356598905753,37,se3_log_map,0.5857372283935547,1.8164244890213013,-0.6805981993675232,-0.7014607787132263,240.94972229003906,179.6807403564453,-55.48927307128906
-0.827025830745697,0.150580033659935,1.8805612325668335,246.49005126953125,20.873085021972656,112.42436981201172,0.5305780172348022,13.848328590393066,5.773797035217285,15.003767013549805,5.774035930633545,1.9618719816207886,6.840250492095947,0.14636829700611997,37,se3_log_map,0.5867823362350464,1.815771460533142,-0.6803741455078125,-0.7015956044197083,241.05043029785156,179.74513244628906,-55.7202262878418
-0.8266810178756714,0.15038135647773743,1.8797082901000977,246.55441284179688,21.052650451660156,112.05237579345703,0.5298351645469666,13.515652656555176,6.162529468536377,14.854283332824707,6.162775993347168,2.139599561691284,6.9365715980529785,0.14697350800270215,37,se3_log_map,0.5872389674186707,1.8149983882904053,-0.6797763705253601,-0.7013768553733826,240.9512939453125,179.49310302734375,-56.00811767578125
-0.8264584541320801,0.15027567744255066,1.8793272972106934,246.4822235107422,21.10009002685547,111.9168701171875,0.5288821458816528,13.355833053588867,6.315523624420166,14.773768424987793,6.31577205657959,2.1239185333251953,6.980179309844971,0.1449311150063295,37,se3_log_map,0.5849979519844055,1.814661979675293,-0.6794548034667969,-0.7012182474136353,240.83926391601562,179.35842895507812,-56.03286361694336
-0.8266881108283997,0.1502399444580078,1.879534125328064,246.49742126464844,21.041366577148438,112.06645965576172,0.5297844409942627,13.413318634033203,6.155496120452881,14.75829792022705,6.155738353729248,2.086853504180908,6.913946628570557,0.1450180200044997,37,se3_log_map,0.5867428779602051,1.814786434173584,-0.679790735244751,-0.7012907266616821,240.9154510498047,179.46722412109375,-55.94736099243164
-0.8272031545639038,0.15062713623046875,1.8804630041122437,246.45277404785156,20.79217529296875,112.685302734375,0.5291085243225098,13.863693237304688,5.5127973556518555,14.919551849365234,5.513041019439697,1.9437155723571777,6.760304927825928,0.14782648099935614,37,se3_log_map,0.5871366262435913,1.815658688545227,-0.6804680824279785,-0.7017785906791687,241.1048126220703,179.9473114013672,-55.47333526611328
-0.8269180059432983,0.15050719678401947,1.8806312084197998,246.12554931640625,20.709671020507812,112.68389892578125,0.5294606685638428,13.82315444946289,5.568215847015381,14.902507781982422,5.56846284866333,1.5139230489730835,6.787343978881836,0.14843206699879374,37,se3_log_map,0.586800217628479,1.815833568572998,-0.6803493499755859,-0.7014414668083191,240.8594207763672,179.78012084960938,-55.23582077026367
-0.8264997005462646,0.15009590983390808,1.8799691200256348,246.0456085205078,20.869140625,112.29651641845703,0.5290690660476685,13.437407493591309,5.989147186279297,14.711692810058594,5.9893975257873535,1.4564181566238403,6.872804164886475,0.14697305799927562,37,se3_log_map,0.5868039727210999,1.8151745796203613,-0.6799022555351257,-0.7009354829788208,240.65353393554688,179.4276885986328,-55.467750549316406
-0.8269461989402771,0.14982834458351135,1.8795185089111328,246.49050903320312,21.062515258789062,112.22921752929688,0.5299559235572815,13.25982666015625,6.007511615753174,14.557242393493652,6.007740020751953,2.138185739517212,6.789206027984619,0.1459365819900995,37,se3_log_map,0.5877633690834045,1.8145657777786255,-0.6802853345870972,-0.7010866403579712,240.96153259277344,179.5844268798828,-55.89950942993164
-0.8273799419403076,0.14976756274700165,1.8795931339263916,246.73036193847656,21.091949462890625,112.38980102539062,0.5288456082344055,13.302055358886719,5.8258280754089355,14.521882057189941,5.826048851013184,2.4716832637786865,6.68828010559082,0.1465208509907825,37,se3_log_map,0.5877573490142822,1.8145140409469604,-0.680769681930542,-0.7013012766838074,241.20147705078125,179.8230438232422,-55.99943923950195
-0.8271673321723938,0.1499365121126175,1.8802341222763062,246.3136749267578,20.842086791992188,112.67874145507812,0.5304468274116516,13.50837516784668,5.559963703155518,14.607857704162598,5.560200214385986,1.8015846014022827,6.665914058685303,0.14699302300869022,37,se3_log_map,0.5855668783187866,1.8152087926864624,-0.6807583570480347,-0.7011709809303284,241.00131225585938,179.8392791748047,-55.442466735839844
-0.8266469836235046,0.14983271062374115,1.880361795425415,245.90028381347656,20.735214233398438,112.59782409667969,0.5286322236061096,13.438864707946777,5.7150774002075195,14.603606224060059,5.7153167724609375,1.2369601726531982,6.736764907836914,0.14615141300600953,37,se3_log_map,0.5840295553207397,1.8154054880142212,-0.6803871393203735,-0.7007020711898804,240.67266845703125,179.5525360107422,-55.158897399902344
-0.8268417119979858,0.14967873692512512,1.8799799680709839,246.16310119628906,20.860809326171875,112.52705383300781,0.5304769277572632,13.298039436340332,5.741852760314941,14.484710693359375,5.742072105407715,1.5934480428695679,6.696145534515381,0.14501790299254935,37,se3_log_map,0.5863178372383118,1.8149571418762207,-0.6804920434951782,-0.7007756233215332,240.84170532226562,179.62220764160156,-55.42110061645508
-0.8274409770965576,0.14957532286643982,1.8794548511505127,246.77105712890625,21.074752807617188,112.53783416748047,0.5284491777420044,13.193359375,5.674842834472656,14.362056732177734,5.67507266998291,2.4955637454986572,6.592213153839111,0.14909321699815337,37,se3_log_map,0.588674783706665,1.8143045902252197,-0.6808834671974182,-0.7011960744857788,241.29124450683594,179.9381561279297,-55.90223693847656
-0.8270048499107361,0.1494699865579605,1.8791780471801758,246.5775604248047,21.063186645507812,112.4004135131836,0.5299080610275269,13.029719352722168,5.830740451812744,14.274846076965332,5.830959320068359,2.201040267944336,6.646850109100342,0.14684726799896453,37,se3_log_map,0.5881746411323547,1.8141119480133057,-0.6804070472717285,-0.7008728384971619,241.10008239746094,179.72256469726562,-55.80377197265625
-0.8265402913093567,0.14962485432624817,1.8794595003128052,246.13729858398438,20.866134643554688,112.535888671875,0.5299893617630005,13.11391544342041,5.741040229797363,14.315530776977539,5.741269111633301,1.4930330514907837,6.684131145477295,0.1469033069879515,37,se3_log_map,0.5862671136856079,1.8145301342010498,-0.6799991726875305,-0.7006438970565796,240.819580078125,179.61416625976562,-55.30640411376953
-0.8268184661865234,0.1500021517276764,1.8798768520355225,246.17857360839844,20.722335815429688,112.97627258300781,0.5286725163459778,13.408133506774902,5.283005714416504,14.411395072937012,5.283232688903809,1.5740443468093872,6.583131790161133,0.14693385300051887,37,se3_log_map,0.5886147618293762,1.8149845600128174,-0.6802209615707397,-0.7010811567306519,240.99639892578125,180.01023864746094,-54.98793029785156
-0.8267835378646851,0.15008212625980377,1.8795576095581055,246.31434631347656,20.783111572265625,113.00291442871094,0.5284771919250488,13.360855102539062,5.239765167236328,14.351574897766113,5.2400007247924805,1.7325376272201538,6.569252014160156,0.14636016701115295,37,se3_log_map,0.5894026756286621,1.8147293329238892,-0.6799906492233276,-0.7012035846710205,241.08872985839844,180.1231231689453,-55.040740966796875
-0.8261778950691223,0.14971281588077545,1.8785722255706787,246.30026245117188,21.023788452148438,112.51956176757812,0.5305142998695374,12.905844688415527,5.759765148162842,14.132792472839355,5.75998067855835,1.6539249420166016,6.692817687988281,0.14608319599938113,37,se3_log_map,0.5880109071731567,1.81383216381073,-0.6791908144950867,-0.7006848454475403,240.87965393066406,179.75167846679688,-55.37131118774414
-0.8261132836341858,0.14958591759204865,1.8780015707015991,246.5183868408203,21.195175170898438,112.3808822631836,0.5299590826034546,12.715022087097168,5.8964924812316895,14.01572322845459,5.896697521209717,2.0044522285461426,6.698108196258545,0.14599567899131216,37,se3_log_map,0.5869208574295044,1.8132790327072144,-0.6789455413818359,-0.7006537914276123,240.97145080566406,179.77197265625,-55.63814163208008
-0.8262020945549011,0.14986149966716766,1.8779479265213013,246.64865112304688,21.18126678466797,112.60293579101562,0.5301051139831543,12.83427619934082,5.662212371826172,14.02780818939209,5.662413597106934,2.0898473262786865,6.649009704589844,0.14530791800643783,37,se3_log_map,0.5882139801979065,1.8133094310760498,-0.6788332462310791,-0.7009781002998352,241.12442016601562,180.0507049560547,-55.537803649902344
-0.825897753238678,0.15017932653427124,1.8782914876937866,246.37722778320312,21.007888793945312,112.83787536621094,0.530117928981781,13.0227689743042,5.4406938552856445,14.113602638244629,5.440903663635254,1.6523126363754272,6.654399394989014,0.14783127499686088,37,se3_log_map,0.5856375098228455,1.813806414604187,-0.6785043478012085,-0.700991153717041,240.99562072753906,180.1230926513672,-55.09798812866211
-0.8252427577972412,0.15009291470050812,1.8780007362365723,246.11831665039062,21.029144287109375,112.59886932373047,0.5293905138969421,12.86552906036377,5.728898525238037,14.083402633666992,5.729112148284912,1.2588742971420288,6.771026134490967,0.14864875499915797,37,se3_log_map,0.5862094163894653,1.8136566877365112,-0.677802324295044,-0.7005429267883301,240.70883178710938,179.8102569580078,-55.03276443481445
-0.8254820704460144,0.15028853714466095,1.8777397871017456,246.45809936523438,21.107444763183594,112.73219299316406,0.5305651426315308,12.916783332824707,5.552028656005859,14.059460639953613,5.552252292633057,1.6701244115829468,6.707545757293701,0.1486452940007439,37,se3_log_map,0.5873628258705139,1.8134346008300781,-0.6777873039245605,-0.7009400129318237,240.99136352539062,180.1136016845703,-55.16513442993164
-0.8255026936531067,0.15017664432525635,1.8772271871566772,246.7271270751953,21.259231567382812,112.6385498046875,0.5301089286804199,12.761543273925781,5.6412835121154785,13.952818870544434,5.641495704650879,2.0271408557891846,6.6909942626953125,0.1476591740065487,37,se3_log_map,0.5881410837173462,1.8129206895828247,-0.6776403784751892,-0.7009660005569458,241.147216796875,180.18116760253906,-55.42646789550781
-0.8251396417617798,0.15016955137252808,1.8770560026168823,246.6353759765625,21.27527618408203,112.50907897949219,0.5303774476051331,12.695484161376953,5.781311988830566,13.949874877929688,5.781526565551758,1.8593940734863281,6.7523369789123535,0.1462154799955897,37,se3_log_map,0.58774733543396,1.8128430843353271,-0.6772212982177734,-0.7007570266723633,241.03128051757812,180.03204345703125,-55.41334533691406
-0.8248962163925171,0.15041866898536682,1.877403736114502,246.4237518310547,21.12884521484375,112.69377899169922,0.5305813550949097,12.861712455749512,5.600983142852783,14.028355598449707,5.601205348968506,1.50368070602417,6.7532830238342285,0.1467362710100133,37,se3_log_map,0.587261438369751,1.8133052587509155,-0.6769949197769165,-0.700746476650238,240.93724060058594,180.0811309814453,-55.06813430786133
-0.8247790336608887,0.15049917995929718,1.8775627613067627,246.3432159423828,21.081222534179688,112.82456970214844,0.5299384593963623,12.922860145568848,5.481569766998291,14.03738021850586,5.481785297393799,1.4115947484970093,6.733104705810547,0.1492117710004095,37,se3_log_map,0.5846109986305237,1.8135058879852295,-0.6769065856933594,-0.7007070779800415,240.91314697265625,180.15904235839844,-54.90359878540039
-0.824796736240387,0.1505037248134613,1.8773000240325928,246.5412139892578,21.19422149658203,112.83940124511719,0.5301796793937683,12.872644424438477,5.462945938110352,13.983878135681152,5.463160037994385,1.6598063707351685,6.710012912750244,0.14820055299787782,37,se3_log_map,0.5861343145370483,1.8132632970809937,-0.6767995953559875,-0.7007819414138794,241.04122924804688,180.3004608154297,-55.05302810668945
-0.8244878649711609,0.1503484845161438,1.8767274618148804,246.65402221679688,21.380592346191406,112.57968139648438,0.5306104421615601,12.668975830078125,5.746518611907959,13.911345481872559,5.746718406677246,1.7760528326034546,6.7802581787109375,0.1462405950005632,37,se3_log_map,0.5880843997001648,1.8127532005310059,-0.676339864730835,-0.7005627751350403,241.0092315673828,180.1754608154297,-55.33091354370117
-0.824238657951355,0.15030105412006378,1.8765506744384766,246.64170837402344,21.455223083496094,112.48841094970703,0.5302435159683228,12.598857879638672,5.858311653137207,13.89428424835205,5.858509063720703,1.762195110321045,6.81991720199585,0.14603193900256883,37,se3_log_map,0.5875668525695801,1.8126300573349,-0.6760514378547668,-0.7003933787345886,240.9485626220703,180.1195068359375,-55.39559555053711
-0.8242347240447998,0.15064692497253418,1.8768916130065918,246.587890625,21.3555908203125,112.80142211914062,0.53034508228302,12.823342323303223,5.543025016784668,13.970087051391602,5.543241500854492,1.6695600748062134,6.773789882659912,0.14519563999783713,37,se3_log_map,0.5872889161109924,1.8130669593811035,-0.6759885549545288,-0.7006320357322693,240.99453735351562,180.3843231201172,-55.10801315307617
-0.8239501118659973,0.15084397792816162,1.8769872188568115,246.44126892089844,21.307899475097656,112.88578796386719,0.5298609733581543,12.917553901672363,5.476028919219971,14.0303316116333,5.47624397277832,1.4918831586837769,6.805897235870361,0.14502291999815498,37,se3_log_map,0.5851420164108276,1.813288927078247,-0.6756393909454346,-0.7006029486656189,240.89285278320312,180.4130096435547,-54.91043472290039
-0.8235698938369751,0.15071435272693634,1.8765932321548462,246.43942260742188,21.4244384765625,112.65389251708984,0.5304451584815979,12.765649795532227,5.7293524742126465,13.99240493774414,5.729560852050781,1.4034384489059448,6.884585857391357,0.14796242200827692,37,se3_log_map,0.5881666541099548,1.8129671812057495,-0.6751781702041626,-0.7003196477890015,240.7963409423828,180.23873901367188,-55.067623138427734
-0.8235489726066589,0.15047894418239594,1.8761839866638184,246.66993713378906,21.614303588867188,112.447509765625,0.5300362706184387,12.580313682556152,5.947685718536377,13.915436744689941,5.94789457321167,1.730478286743164,6.901269435882568,0.1463736260047881,37,se3_log_map,0.5868859887123108,1.812512993812561,-0.6751173138618469,-0.7001810073852539,240.8858642578125,180.19357299804688,-55.42811584472656
-0.8237639665603638,0.15057960152626038,1.8762409687042236,246.87913513183594,21.658348083496094,112.52770233154297,0.5297932624816895,12.646774291992188,5.863282680511475,13.939838409423828,5.863499641418457,2.0072433948516846,6.860252380371094,0.1488374060136266,37,se3_log_map,0.5879635214805603,1.81255304813385,-0.6752845048904419,-0.7004033923149109,241.06454467773438,180.37277221679688,-55.542118072509766
-0.8237003087997437,0.15069451928138733,1.8766893148422241,246.7335205078125,21.5543212890625,112.69782257080078,0.5303693413734436,12.78006362915039,5.686404705047607,13.988042831420898,5.686618804931641,1.787654995918274,6.833244323730469,0.14887242499389686,37,se3_log_map,0.5886737108230591,1.813018560409546,-0.6753585338592529,-0.7003663778305054,241.0160369873047,180.43832397460938,-55.313655853271484
-0.8233274221420288,0.1506294161081314,1.8770825862884521,246.37896728515625,21.454071044921875,112.71134948730469,0.5301676988601685,12.809679985046387,5.69868803024292,14.020094871520996,5.698891639709473,1.3230501413345337,6.872015476226807,0.14717635200941004,37,se3_log_map,0.5868492126464844,1.8134385347366333,-0.6752263307571411,-0.6999712586402893,240.7574462890625,180.26783752441406,-55.05206298828125
-0.8234212398529053,0.15046800673007965,1.877246379852295,246.42005920410156,21.48906707763672,112.71798706054688,0.5304840207099915,12.771282196044922,5.696783065795898,13.984244346618652,5.696992874145508,1.3910632133483887,6.837629795074463,0.14694688499730546,37,se3_log_map,0.5875974893569946,1.8135093450546265,-0.6754915714263916,-0.6998487114906311,240.79298400878906,180.2849578857422,-55.13267135620117
-0.8237797021865845,0.150291308760643,1.8772660493850708,246.6885528564453,21.600540161132812,112.72994995117188,0.5305286645889282,12.710150718688965,5.68056583404541,13.921812057495117,5.680766582489014,1.7905608415603638,6.764862060546875,0.1489324619906256,37,se3_log_map,0.5890369415283203,1.8133840560913086,-0.6759513020515442,-0.6999197602272034,240.99716186523438,180.42369079589844,-55.39991760253906
-0.8238065242767334,0.14990448951721191,1.8771781921386719,246.73202514648438,21.708847045898438,112.55848693847656,0.5300166606903076,12.516813278198242,5.8722405433654785,13.825841903686523,5.8724517822265625,1.9220269918441772,6.762078762054443,0.1471530109993182,37,se3_log_map,0.5870357155799866,1.8131587505340576,-0.6761779189109802,-0.6996017694473267,240.9755401611328,180.2876739501953,-55.629920959472656
-0.8237854242324829,0.1495409458875656,1.8773910999298096,246.61654663085938,21.72264862060547,112.43125915527344,0.5295760631561279,12.393837928771973,6.010398864746094,13.774332046508789,6.010601043701172,1.8663066625595093,6.7619171142578125,0.14706869899237063,37,se3_log_map,0.5852969884872437,1.8132275342941284,-0.6764827966690063,-0.6992058753967285,240.86512756347656,180.09010314941406,-55.70445251464844
-0.8240818977355957,0.14934349060058594,1.8779888153076172,246.5367889404297,21.61962127685547,112.5601577758789,0.5301040410995483,12.448555946350098,5.867059230804443,13.761869430541992,5.867258548736572,1.7641263008117676,6.674003601074219,0.1488697150052758,37,se3_log_map,0.5874917507171631,1.8136372566223145,-0.6771624684333801,-0.6990869641304016,240.88609313964844,180.1004180908203,-55.61000061035156
-0.8246851563453674,0.14939486980438232,1.8788306713104248,246.54380798339844,21.437896728515625,112.92054748535156,0.5305400490760803,12.70087718963623,5.469974994659424,13.828702926635742,5.470181941986084,1.772993564605713,6.522547245025635,0.14714886400906835,37,se3_log_map,0.5880802273750305,1.814290165901184,-0.678090512752533,-0.6993448734283447,241.05455017089844,180.34658813476562,-55.39922332763672
-0.8248768448829651,0.14914670586585999,1.879303216934204,246.42095947265625,21.34943389892578,112.90211486816406,0.5307062268257141,12.718934059143066,5.479211330413818,13.8489408493042,5.479420185089111,1.637998104095459,6.4894280433654785,0.14507444499759004,37,se3_log_map,0.587300181388855,1.8145902156829834,-0.6786447763442993,-0.699137270450592,241.00035095214844,180.20596313476562,-55.367244720458984
-0.8249038457870483,0.14891000092029572,1.8795191049575806,246.32119750976562,21.31616973876953,112.76031494140625,0.5305357575416565,12.671470642089844,5.6190595626831055,13.86146068572998,5.619271755218506,1.534359335899353,6.505685329437256,0.1488235629949486,37,se3_log_map,0.5875834226608276,1.8146964311599731,-0.6789173483848572,-0.6988887190818787,240.9124298095703,179.98822021484375,-55.421669006347656
-0.8253076672554016,0.1487853229045868,1.8796026706695557,246.52809143066406,21.344505310058594,112.70231628417969,0.5307888388633728,12.671107292175293,5.641390323638916,13.870196342468262,5.6415934562683105,1.864435076713562,6.4607391357421875,0.1473530759976711,37,se3_log_map,0.5885823369026184,1.8146368265151978,-0.6794170141220093,-0.6990228295326233,241.07891845703125,179.99935913085938,-55.648529052734375
-0.8258134126663208,0.14881068468093872,1.8799588680267334,246.687744140625,21.280441284179688,112.80284881591797,0.5302374958992004,12.817691802978516,5.500399589538574,13.948037147521973,5.500613212585449,2.0975019931793213,6.38831901550293,0.14603551900654566,37,se3_log_map,0.5896748304367065,1.8148577213287354,-0.6800458431243896,-0.6993007063865662,241.2714385986328,180.1116943359375,-55.7116813659668
-0.8257570266723633,0.14878904819488525,1.880254864692688,246.5111541748047,21.167747497558594,112.72224426269531,0.5308822989463806,12.879887580871582,5.569485664367676,14.032489776611328,5.569698810577393,1.8332247734069824,6.426188945770264,0.14617182900838088,37,se3_log_map,0.5883793234825134,1.8151334524154663,-0.6801421642303467,-0.6991766095161438,241.1503448486328,179.9085235595703,-55.61417770385742
-0.8256605267524719,0.1487233191728592,1.880396842956543,246.35308837890625,21.09680938720703,112.54046630859375,0.5299843549728394,12.880464553833008,5.749341011047363,14.105367660522461,5.749553680419922,1.656901240348816,6.493169784545898,0.14699880800617393,37,se3_log_map,0.5865697860717773,1.8152613639831543,-0.6801568269729614,-0.6990202069282532,241.0058135986328,179.6350555419922,-55.60569381713867
-0.8260803818702698,0.148759126663208,1.8807098865509033,246.47503662109375,21.031410217285156,112.58750915527344,0.5306476354598999,13.019003868103027,5.66300106048584,14.197328567504883,5.66322135925293,1.8103374242782593,6.451026439666748,0.14606959400407504,37,se3_log_map,0.5878809690475464,1.8154654502868652,-0.6806777119636536,-0.6992602944374084,241.15260314941406,179.68502807617188,-55.66841506958008
-0.8266811966896057,0.14892007410526276,1.8811887502670288,246.67532348632812,20.924537658691406,112.77059173583984,0.5302267074584961,13.278708457946777,5.426139831542969,14.344587326049805,5.4263529777526855,2.061035394668579,6.371608734130859,0.14648886400391348,37,se3_log_map,0.5864589214324951,1.81582510471344,-0.6813694834709167,-0.6996977925300598,241.41094970703125,179.87997436523438,-55.68296432495117
-0.8267466425895691,0.1489226371049881,1.881406545639038,246.61795043945312,20.843368530273438,112.69036102294922,0.5306594967842102,13.346867561340332,5.490725994110107,14.432153701782227,5.490960121154785,1.96475088596344,6.399229049682617,0.14799970199237578,37,se3_log_map,0.5864999890327454,1.816010594367981,-0.6815305352210999,-0.6996941566467285,241.37942504882812,179.73651123046875,-55.67423629760742
-0.826602578163147,0.14905349910259247,1.8815062046051025,246.46873474121094,20.731781005859375,112.62144470214844,0.530509889125824,13.412273406982422,5.556436538696289,14.517684936523438,5.556670188903809,1.7044199705123901,6.457435607910156,0.14615468199190218,37,se3_log_map,0.5853294134140015,1.8161811828613281,-0.6813579797744751,-0.6996966600418091,241.27310180664062,179.57350158691406,-55.54325866699219
-0.8266013860702515,0.1490396112203598,1.8813177347183228,246.49713134765625,20.728530883789062,112.48455810546875,0.5306187868118286,13.354573249816895,5.681346893310547,14.512836456298828,5.681573390960693,1.7489055395126343,6.495274066925049,0.1467844349972438,37,se3_log_map,0.5863726139068604,1.8160045146942139,-0.681278645992279,-0.6997258067131042,241.26800537109375,179.44863891601562,-55.62236022949219
-0.826920747756958,0.14918756484985352,1.8812705278396606,246.70729064941406,20.708351135253906,112.54216766357422,0.5307005047798157,13.438335418701172,5.586948871612549,14.553451538085938,5.58717679977417,1.9980586767196655,6.46966552734375,0.1469917640060885,37,se3_log_map,0.5875139236450195,1.8159421682357788,-0.6814684867858887,-0.7000840306282043,241.46554565429688,179.57723999023438,-55.698883056640625
-0.8270585536956787,0.14927510917186737,1.8811519145965576,246.80245971679688,20.682220458984375,112.5475845336914,0.5304812788963318,13.458152770996094,5.5627522468566895,14.562492370605469,5.562983512878418,2.1030304431915283,6.4684906005859375,0.14620769099565223,37,se3_log_map,0.5877852439880371,1.8158340454101562,-0.6814901828765869,-0.700282633304596,241.55540466308594,179.60888671875,-55.71982192993164
-0.8268352150917053,0.14933106303215027,1.8809384107589722,246.68797302246094,20.62750244140625,112.42000579833984,0.5308076739311218,13.398717880249023,5.690566539764404,14.5570707321167,5.690795421600342,1.9035577774047852,6.531412124633789,0.1450389770034235,37,se3_log_map,0.5874735713005066,1.8157097101211548,-0.6811445951461792,-0.7002346515655518,241.44387817382812,179.42576599121094,-55.64701461791992
-0.8267773985862732,0.14937104284763336,1.8809106349945068,246.614013671875,20.550689697265625,112.39222717285156,0.5305955410003662,13.401531219482422,5.713733196258545,14.568730354309082,5.71396541595459,1.7640987634658813,6.550968170166016,0.14601136100827716,37,se3_log_map,0.5866707563400269,1.8157116174697876,-0.6810519099235535,-0.7002394795417786,241.40309143066406,179.3348388671875,-55.5528678894043
-0.8270739316940308,0.14949771761894226,1.8810571432113647,246.70989990234375,20.46826171875,112.55462646484375,0.5307474136352539,13.526885986328125,5.526057720184326,14.612119674682617,5.526291370391846,1.8451977968215942,6.5010247230529785,0.1452077139983885,37,se3_log_map,0.5850300192832947,1.815824270248413,-0.6813226342201233,-0.7005192041397095,241.55322265625,179.4877471923828,-55.473899841308594
-0.8272443413734436,0.1494796872138977,1.8809678554534912,246.80674743652344,20.45624542236328,112.57493591308594,0.5306146740913391,13.515554428100586,5.490570068359375,14.588237762451172,5.490793704986572,1.9725364446640015,6.478572845458984,0.1467922760057263,37,se3_log_map,0.5855097770690918,1.815697431564331,-0.6814547181129456,-0.700635552406311,241.64907836914062,179.52845764160156,-55.50857925415039
-0.8271352648735046,0.14936694502830505,1.880760669708252,246.75653076171875,20.475082397460938,112.46505737304688,0.5308307409286499,13.400795936584473,5.607787609100342,14.526827812194824,5.608032703399658,1.916361689567566,6.502221584320068,0.14496882699313574,37,se3_log_map,0.5870456695556641,1.8154921531677246,-0.6813254356384277,-0.7005065679550171,241.57687377929688,179.40574645996094,-55.53792190551758
-0.8269758224487305,0.14923037588596344,1.8804521560668945,246.7108612060547,20.525726318359375,112.28477478027344,0.5301796793937683,13.244239807128906,5.798837661743164,14.45809555053711,5.799068450927734,1.9195431470870972,6.54752779006958,0.14709115400910378,37,se3_log_map,0.5875599384307861,1.8151971101760864,-0.6811166405677795,-0.7003450393676758,241.4794464111328,179.23394775390625,-55.62516784667969
-0.8271039128303528,0.14913031458854675,1.880362868309021,246.74310302734375,20.53955841064453,112.26449584960938,0.5300884246826172,13.193828582763672,5.816661834716797,14.419111251831055,5.816885471343994,2.0080459117889404,6.534568786621094,0.14879276699502952,37,se3_log_map,0.5878739356994629,1.8150501251220703,-0.6812594532966614,-0.7003582119941711,241.50181579589844,179.2235870361328,-55.675594329833984
-0.8274939656257629,0.14937777817249298,1.8806872367858887,246.82400512695312,20.438034057617188,112.54669952392578,0.5306763052940369,13.429097175598145,5.512630939483643,14.5165376663208,5.512861728668213,2.0424392223358154,6.470658779144287,0.14718706799612846,37,se3_log_map,0.5861867666244507,1.8153479099273682,-0.6816258430480957,-0.7007705569267273,241.66616821289062,179.49371337890625,-55.52498245239258
-0.8274929523468018,0.14952297508716583,1.8808295726776123,246.72433471679688,20.36304473876953,112.61431121826172,0.5305421352386475,13.526906967163086,5.447615623474121,14.58265495300293,5.447844982147217,1.8900586366653442,6.483190059661865,0.14756164100253955,37,se3_log_map,0.5848636031150818,1.8155303001403809,-0.6816002726554871,-0.7008712887763977,241.61634826660156,179.50425720214844,-55.38285446166992
-0.8271946310997009,0.14942696690559387,1.8805749416351318,246.57252502441406,20.39820098876953,112.39982604980469,0.5305179953575134,13.384162902832031,5.686219215393066,14.541974067687988,5.6864519119262695,1.714972972869873,6.558917999267578,0.14494601999467704,37,se3_log_map,0.586146354675293,1.8153303861618042,-0.6812587976455688,-0.7006430625915527,241.42138671875,179.26339721679688,-55.416439056396484
-0.8273303508758545,0.14943544566631317,1.880478858947754,246.67127990722656,20.434432983398438,112.40059661865234,0.530788004398346,13.378822326660156,5.675760269165039,14.532971382141113,5.675987720489502,1.8680788278579712,6.5516180992126465,0.14696935600659344,37,se3_log_map,0.5872023701667786,1.815214991569519,-0.6813383102416992,-0.7007624506950378,241.49087524414062,179.32037353515625,-55.50027847290039
-0.827631413936615,0.14956484735012054,1.8805800676345825,246.80917358398438,20.414779663085938,112.57032775878906,0.530443012714386,13.496180534362793,5.487431049346924,14.569108009338379,5.487664222717285,2.048297166824341,6.5018157958984375,0.14742323401151225,37,se3_log_map,0.5857948064804077,1.8152859210968018,-0.6815905570983887,-0.7010579705238342,241.65118408203125,179.53294372558594,-55.48517608642578
-0.8275219202041626,0.1494552195072174,1.8804595470428467,246.7313690185547,20.439407348632812,112.50799560546875,0.5308535695075989,13.405405044555664,5.563173770904541,14.513920783996582,5.563390731811523,1.9650341272354126,6.513709545135498,0.146186514000874,37,se3_log_map,0.5869027376174927,1.8151612281799316,-0.6814990639686584,-0.7009119391441345,241.56280517578125,179.4518585205078,-55.485408782958984
-0.8273491859436035,0.14949671924114227,1.8803675174713135,246.6094207763672,20.427345275878906,112.52356719970703,0.5308403968811035,13.377968788146973,5.564746379852295,14.489187240600586,5.564976692199707,1.791738510131836,6.530055999755859,0.1449966780055547,37,se3_log_map,0.5854920744895935,1.8151311874389648,-0.6812665462493896,-0.7008565664291382,241.4590606689453,179.42941284179688,-55.372962951660156
-0.8272124528884888,0.1495765596628189,1.8801219463348389,246.61880493164062,20.461402893066406,112.46943664550781,0.5308588147163391,13.332673072814941,5.621719837188721,14.469416618347168,5.621950149536133,1.7924498319625854,6.562723636627197,0.14596663099655416,37,se3_log_map,0.5866250395774841,1.8149664402008057,-0.6809736490249634,-0.7008950710296631,241.43275451660156,179.41217041015625,-55.39276123046875
-0.8271997570991516,0.14975252747535706,1.879828929901123,246.7404327392578,20.511940002441406,112.48818969726562,0.5308656692504883,13.332459449768066,5.594273567199707,14.458578109741211,5.594493389129639,1.9357155561447144,6.575437545776367,0.14498331700451672,37,se3_log_map,0.5873481631278992,1.8147648572921753,-0.6807166934013367,-0.7011147141456604,241.5081329345703,179.52247619628906,-55.43943786621094
-0.8270117044448853,0.14980988204479218,1.8794667720794678,246.77688598632812,20.583900451660156,112.3758544921875,0.5307575464248657,13.246663093566895,5.712259769439697,14.425813674926758,5.712493419647217,1.985150694847107,6.623438358306885,0.14495294699736405,37,se3_log_map,0.5883902311325073,1.8144968748092651,-0.6803349852561951,-0.7011247873306274,241.4768524169922,179.4775390625,-55.5225715637207
-0.826918363571167,0.15002959966659546,1.8794429302215576,246.7383270263672,20.548118591308594,112.47917938232422,0.5308510065078735,13.325262069702148,5.610189437866211,14.458109855651855,5.6104254722595215,1.8817834854125977,6.629879474639893,0.1451730060070986,37,se3_log_map,0.5871006846427917,1.8145751953125,-0.6800984740257263,-0.7012704014778137,241.46664428710938,179.57186889648438,-55.38431167602539
-0.8267793655395508,0.15027664601802826,1.8793904781341553,246.67245483398438,20.496681213378906,112.60436248779297,0.5305190682411194,13.404622077941895,5.488697528839111,14.48481273651123,5.488924503326416,1.7541389465332031,6.635885238647461,0.14604710300045554,37,se3_log_map,0.584783136844635,1.8146477937698364,-0.6797882914543152,-0.7014173269271851,241.44192504882812,179.67262268066406,-55.195194244384766
-0.8264521360397339,0.150444895029068,1.8790735006332397,246.6044464111328,20.518096923828125,112.590087890625,0.530509889125824,13.369772911071777,5.51757287979126,14.4635591506958,5.517807483673096,1.6241077184677124,6.6804046630859375,0.14738425599352922,37,se3_log_map,0.5843527317047119,1.8144922256469727,-0.6792261004447937,-0.7014267444610596,241.35545349121094,179.67205810546875,-55.104942321777344
-0.8261262774467468,0.15051940083503723,1.8785139322280884,246.6536865234375,20.646820068359375,112.45994567871094,0.53077232837677,13.244132041931152,5.661118507385254,14.403311729431152,5.66134786605835,1.6649950742721558,6.7420501708984375,0.14528247799898963,37,se3_log_map,0.586681604385376,1.8140805959701538,-0.6786119341850281,-0.7014052271842957,241.3041534423828,179.64988708496094,-55.21189498901367
-0.8259192705154419,0.15054206550121307,1.877884864807129,246.80728149414062,20.82659149169922,112.32764434814453,0.5306234359741211,13.098786354064941,5.8072099685668945,14.328363418579102,5.807441234588623,1.8928903341293335,6.787971496582031,0.14638780600216705,37,se3_log_map,0.5883362889289856,1.813560128211975,-0.6781110763549805,-0.7014303803443909,241.32510375976562,179.6831512451172,-55.421875
-0.8257692456245422,0.15064877271652222,1.8776063919067383,246.8625946044922,20.91161346435547,112.31635284423828,0.5304062962532043,13.075409889221191,5.831974506378174,14.317066192626953,5.832205772399902,1.9701862335205078,6.813615322113037,0.14814954101166222,37,se3_log_map,0.5877698659896851,1.8133774995803833,-0.6777735352516174,-0.7014914751052856,241.3249053955078,179.7551727294922,-55.47166442871094
-0.8255547285079956,0.15077365934848785,1.8776698112487793,246.7328338623047,20.89666748046875,112.36971282958984,0.530735969543457,13.127091407775879,5.793335437774658,14.348636627197266,5.793551921844482,1.7765231132507324,6.836423397064209,0.14831757798674516,37,se3_log_map,0.5885555744171143,1.8135285377502441,-0.6775211691856384,-0.7014497518539429,241.2205047607422,179.7729034423828,-55.33832931518555
-0.8254023194313049,0.15103568136692047,1.8779600858688354,246.5758819580078,20.80779266357422,112.54159545898438,0.5304364562034607,13.293718338012695,5.631168842315674,14.437212944030762,5.631405353546143,1.552988886833191,6.840610504150391,0.14700219800579362,37,se3_log_map,0.5852230191230774,1.8139221668243408,-0.6773467659950256,-0.7015243172645569,241.1439208984375,179.86785888671875,-55.08195114135742
-0.8251804113388062,0.15107043087482452,1.8779151439666748,246.51536560058594,20.851516723632812,112.4615249633789,0.5305815935134888,13.283169746398926,5.728618144989014,14.465813636779785,5.728845119476318,1.4673709869384766,6.890262126922607,0.14617986700613983,37,se3_log_map,0.5857623815536499,1.8139435052871704,-0.677093505859375,-0.7014192938804626,241.05105590820312,179.8020782470703,-55.1077766418457
-0.8251506686210632,0.150929793715477,1.8776612281799316,246.66912841796875,20.99921417236328,112.30180358886719,0.5305628776550293,13.164813041687012,5.89332914352417,14.423721313476562,5.89355993270874,1.695976734161377,6.913537979125977,0.1471430270030396,37,se3_log_map,0.588059663772583,1.8136671781539917,-0.6770361065864563,-0.7013270854949951,241.0951385498047,179.76620483398438,-55.38080596923828
-0.8253733515739441,0.1507946401834488,1.8776931762695312,246.883056640625,21.101234436035156,112.2697525024414,0.5301427841186523,13.126952171325684,5.92401647567749,14.401769638061523,5.924246788024902,2.036775588989258,6.879281997680664,0.14937834000738803,37,se3_log_map,0.5874122977256775,1.8135980367660522,-0.6773465275764465,-0.7013434171676636,241.2430419921875,179.8437957763672,-55.62578582763672
-0.8254942297935486,0.15072745084762573,1.8781148195266724,246.85292053222656,21.06696319580078,112.34774017333984,0.5304142236709595,13.194857597351074,5.843510627746582,14.430904388427734,5.843726634979248,2.008435010910034,6.840067386627197,0.14922032700269483,37,se3_log_map,0.5882560014724731,1.8139324188232422,-0.6776978373527527,-0.7012672424316406,241.25743103027344,179.87721252441406,-55.59849548339844
-0.82548987865448,0.1507950723171234,1.879080891609192,246.4752960205078,20.852340698242188,112.65901184082031,0.5299890041351318,13.438064575195312,5.5481858253479,14.53836441040039,5.548403739929199,1.5400511026382446,6.780883312225342,0.14926804100105073,37,se3_log_map,0.5852949023246765,1.8148411512374878,-0.6780968904495239,-0.7011094093322754,241.08941650390625,179.9364776611328,-55.144989013671875
-0.8253921270370483,0.15065941214561462,1.8795263767242432,246.23756408691406,20.783966064453125,112.75048828125,0.5287801027297974,13.473468780517578,5.49540901184082,14.551082611083984,5.4956440925598145,1.3093252182006836,6.759061336517334,0.1521900200023083,37,se3_log_map,0.5867505073547363,1.815221905708313,-0.6782941222190857,-0.7008198499679565,240.94186401367188,179.89028930664062,-54.958377838134766
-0.8255774974822998,0.1505405455827713,1.8795214891433716,246.40093994140625,20.8958740234375,112.7657470703125,0.5295870900154114,13.435579299926758,5.473010540008545,14.507540702819824,5.4732441902160645,1.543514370918274,6.719179630279541,0.1556481209991034,37,se3_log_map,0.5868265628814697,1.8151332139968872,-0.6785421371459961,-0.7008343935012817,241.0486297607422,180.00831604003906,-55.14781951904297
-0.8255592584609985,0.1502746343612671,1.8790051937103271,246.65245056152344,21.14899444580078,112.51204681396484,0.5307623147964478,13.19664478302002,5.737636566162109,14.389996528625488,5.737860202789307,1.8996797800064087,6.747080326080322,0.15339080200647004,37,se3_log_map,0.5889711380004883,1.8145694732666016,-0.6784525513648987,-0.7006939649581909,241.1175994873047,179.96156311035156,-55.59288787841797
-0.8253704309463501,0.1499009132385254,1.8785669803619385,246.71473693847656,21.356689453125,112.22364807128906,0.5294420123100281,12.91559886932373,6.063299179077148,14.268020629882812,6.063527584075928,2.13781476020813,6.796045303344727,0.15219761899788864,37,se3_log_map,0.5858327746391296,1.8140767812728882,-0.6783042550086975,-0.7003237009048462,241.03872680664062,179.7819061279297,-55.92320251464844
-0.8252276182174683,0.14958183467388153,1.8785223960876465,246.63406372070312,21.452468872070312,112.05107879638672,0.5281715393066406,12.752691268920898,6.2666473388671875,14.209226608276367,6.266863822937012,2.211977005004883,6.825839996337891,0.15277090900053736,37,se3_log_map,0.5882230401039124,1.8139532804489136,-0.678347110748291,-0.6999457478523254,240.90733337402344,179.60862731933594,-56.06596374511719
-0.8253601789474487,0.14933104813098907,1.8789558410644531,246.56048583984375,21.442276000976562,112.0282211303711,0.5278964638710022,12.754069328308105,6.295769691467285,14.223329544067383,6.295992374420166,2.2172539234161377,6.798767566680908,0.1528799140069168,37,se3_log_map,0.5886843800544739,1.8142297267913818,-0.6788290143013,-0.6997053623199463,240.86160278320312,179.52462768554688,-56.11396026611328
-0.8259924650192261,0.14961311221122742,1.880059003829956,246.58798217773438,21.225807189941406,112.5352554321289,0.5306448936462402,13.20250129699707,5.749006271362305,14.399903297424316,5.749238967895508,2.031306028366089,6.642213344573975,0.23705409500689711,37,se3_log_map,0.5890191197395325,1.8151975870132446,-0.6797624230384827,-0.7001350522041321,241.08424377441406,179.92384338378906,-55.814231872558594
-0.826298713684082,0.14995281398296356,1.8811331987380981,246.40643310546875,20.960777282714844,112.95905303955078,0.5282243490219116,13.653575897216797,5.307828903198242,14.649003028869629,5.30806827545166,1.8197828531265259,6.561384201049805,0.1490983120020246,37,se3_log_map,0.5896381139755249,1.8162329196929932,-0.6803372502326965,-0.7004079222679138,241.1207275390625,180.15708923339844,-55.38181686401367
-0.8260762691497803,0.15000338852405548,1.8815758228302002,246.08807373046875,20.8404541015625,112.95865631103516,0.5279998779296875,13.770744323730469,5.352376937866211,14.7743501663208,5.352614402770996,1.4436067342758179,6.617273807525635,0.15346199499617796,37,se3_log_map,0.5879092216491699,1.8167059421539307,-0.6802984476089478,-0.7002073526382446,240.89125061035156,179.99258422851562,-55.15167236328125
-0.8258154392242432,0.14995215833187103,1.881441354751587,246.00628662109375,20.89654541015625,112.74183654785156,0.5285524129867554,13.688604354858398,5.590085506439209,14.786042213439941,5.590330600738525,1.261743426322937,6.703854084014893,0.15374954299477395,37,se3_log_map,0.5860975980758667,1.8166230916976929,-0.6800203323364258,-0.7000179886817932,240.7479705810547,179.78659057617188,-55.25505447387695
-0.8259981870651245,0.14982695877552032,1.8808438777923584,246.41554260253906,21.146621704101562,112.4594497680664,0.5308709740638733,13.495177268981934,5.827195644378662,14.699527740478516,5.827425479888916,1.824114441871643,6.7299065589904785,0.15146239299792796,37,se3_log_map,0.5880606174468994,1.8159908056259155,-0.6799965500831604,-0.7001584768295288,240.94094848632812,179.7788848876953,-55.80415725708008
-0.8262284398078918,0.14980626106262207,1.8803669214248657,246.79347229003906,21.3382568359375,112.29988861083984,0.5291547179222107,13.385846138000488,5.975652694702148,14.659106254577637,5.975883960723877,2.4265384674072266,6.738626480102539,0.1501859540003352,37,se3_log_map,0.5879863500595093,1.8154953718185425,-0.6800082921981812,-0.7003994584083557,241.15310668945312,179.8582000732422,-56.22530746459961
-0.826076090335846,0.14973895251750946,1.8802244663238525,246.76602172851562,21.39630126953125,112.11859893798828,0.5289242267608643,13.306072235107422,6.167928695678711,14.666117668151855,6.168163299560547,2.4649715423583984,6.800746917724609,0.15369054999609943,37,se3_log_map,0.5854451656341553,1.8153750896453857,-0.6798398494720459,-0.7002689242362976,241.0659637451172,179.7029266357422,-56.346500396728516
-0.8258398771286011,0.14982502162456512,1.88055419921875,246.4829559326172,21.28656768798828,112.13584899902344,0.5296841859817505,13.404508590698242,6.159853935241699,14.752110481262207,6.160091400146484,2.044674873352051,6.846554279327393,0.1489813759981189,37,se3_log_map,0.5869191884994507,1.8157610893249512,-0.6797135472297668,-0.700117290019989,240.8639678955078,179.57666015625,-56.114097595214844
-0.8258866667747498,0.15002749860286713,1.8811671733856201,246.26358032226562,21.101287841796875,112.36986541748047,0.5304561853408813,13.654056549072266,5.929171085357666,14.885847091674805,5.929419040679932,1.6385746002197266,6.820847988128662,0.14902317299856804,37,se3_log_map,0.5863258838653564,1.816383719444275,-0.679914653301239,-0.7001963257789612,240.79432678222656,179.64767456054688,-55.7719612121582
-0.8261998295783997,0.15019378066062927,1.8816815614700317,246.2595672607422,20.969512939453125,112.63450622558594,0.5300559997558594,13.890730857849121,5.646286964416504,14.994434356689453,5.646535873413086,1.6170296669006348,6.74627161026001,0.1501062089955667,37,se3_log_map,0.5860186219215393,1.816843032836914,-0.6803462505340576,-0.7004406452178955,240.90066528320312,179.84266662597656,-55.5810432434082
-0.8263527750968933,0.15011361241340637,1.881635308265686,246.36886596679688,20.997161865234375,112.60498046875,0.5303850173950195,13.860140800476074,5.657944202423096,14.970501899719238,5.658205986022949,1.7697213888168335,6.724149703979492,0.15253649999795016,37,se3_log_map,0.584687352180481,1.8167376518249512,-0.680520236492157,-0.7004783749580383,240.98382568359375,179.85440063476562,-55.69255065917969
-0.8263176679611206,0.14986471831798553,1.8812658786773682,246.4822998046875,21.109642028808594,112.36293029785156,0.5307425856590271,13.653705596923828,5.895252227783203,14.87204647064209,5.895488739013672,1.9632196426391602,6.752054691314697,0.1487638260005042,37,se3_log_map,0.5883463025093079,1.816318154335022,-0.6804713606834412,-0.7003094553947449,240.99476623535156,179.6922149658203,-55.95976638793945
-0.8262394666671753,0.14969280362129211,1.8810008764266968,246.5171356201172,21.168975830078125,112.16576385498047,0.5299286842346191,13.503450393676758,6.092109203338623,14.81408405303955,6.092350482940674,2.08607816696167,6.787037372589111,0.1492518950108206,37,se3_log_map,0.5875689387321472,1.8160316944122314,-0.6803817749023438,-0.7001592516899109,240.9650421142578,179.5269775390625,-56.1197509765625
-0.8263210654258728,0.1495496779680252,1.8809900283813477,246.56007385253906,21.161361694335938,112.0855712890625,0.5295913219451904,13.448760986328125,6.159008979797363,14.791979789733887,6.159249782562256,2.1846530437469482,6.777620792388916,0.15184084400243592,37,se3_log_map,0.586302638053894,1.8159518241882324,-0.6805435419082642,-0.7000840306282043,240.99864196777344,179.4384307861328,-56.199562072753906
-0.8265816569328308,0.14955759048461914,1.8812613487243652,246.61801147460938,21.06542205810547,112.17853546142578,0.5300244092941284,13.551767349243164,6.035820960998535,14.835148811340332,6.0360589027404785,2.1899383068084717,6.724520206451416,0.152275265994831,37,se3_log_map,0.587973952293396,1.8161439895629883,-0.6809114813804626,-0.7002023458480835,241.11549377441406,179.48602294921875,-56.149654388427734
-0.8268555402755737,0.14966244995594025,1.8817617893218994,246.5915069580078,20.889205932617188,112.35936737060547,0.5307254791259766,13.761077880859375,5.822497844696045,14.942183494567871,5.8227434158325195,2.0450031757354736,6.666484832763672,0.1541899209987605,37,se3_log_map,0.5881460905075073,1.8165771961212158,-0.6813376545906067,-0.7003669142723083,241.2078857421875,179.5557861328125,-55.95988082885742
-0.827039897441864,0.14973227679729462,1.882258653640747,246.4635009765625,20.699913024902344,112.55242919921875,0.5304895639419556,13.948324203491211,5.616283893585205,15.036572456359863,5.616535663604736,1.8135730028152466,6.615699291229248,0.15067508899664972,37,se3_log_map,0.5844944715499878,1.8170148134231567,-0.6816987991333008,-0.7004407048225403,241.22056579589844,179.59532165527344,-55.692100524902344
-0.8270831108093262,0.14968857169151306,1.8823707103729248,246.40074157714844,20.60639190673828,112.5656509399414,0.5302582383155823,13.96703052520752,5.596114158630371,15.04641342163086,5.596376419067383,1.697555661201477,6.603307247161865,0.24080116899858695,37,se3_log_map,0.5852435827255249,1.8170918226242065,-0.681818962097168,-0.7004036903381348,241.21334838867188,179.52499389648438,-55.59401321411133
-0.8271512389183044,0.14949080348014832,1.8821150064468384,246.50514221191406,20.635940551757812,112.43201446533203,0.5307060480117798,13.822632789611816,5.710597991943359,14.955808639526367,5.710847854614258,1.8393810987472534,6.596851348876953,0.15192349599965382,37,se3_log_map,0.5858051776885986,1.816771149635315,-0.6818885803222656,-0.7003244757652283,241.2747039794922,179.4195098876953,-55.74036407470703
-0.827216386795044,0.14918723702430725,1.88167405128479,246.68321228027344,20.7274169921875,112.1949462890625,0.5302371978759766,13.583575248718262,5.929754257202148,14.821457862854004,5.929990291595459,2.1669328212738037,6.601497173309326,0.14944402800756507,37,se3_log_map,0.5879966020584106,1.8162438869476318,-0.6819359660148621,-0.7001879215240479,241.35658264160156,179.26087951660156,-56.02295684814453
-0.8274205327033997,0.14899615943431854,1.8815288543701172,246.81344604492188,20.74250030517578,112.13597106933594,0.5297646522521973,13.490073204040527,5.972986698150635,14.753262519836426,5.973217010498047,2.389681100845337,6.570095062255859,0.1513332540052943,37,se3_log_map,0.5873626470565796,1.8159959316253662,-0.6821818947792053,-0.700179934501648,241.4637451171875,179.22853088378906,-56.15118408203125
-0.8276244401931763,0.14895601570606232,1.8816708326339722,246.8299560546875,20.661643981933594,112.20335388183594,0.5299710631370544,13.53881549835205,5.888768672943115,14.764052391052246,5.889008522033691,2.3713483810424805,6.5325775146484375,0.1491059289983241,37,se3_log_map,0.588289737701416,1.8160653114318848,-0.6824662685394287,-0.70024573802948,241.53280639648438,179.2440948486328,-56.09065628051758
-0.827774167060852,0.14899206161499023,1.8821090459823608,246.67129516601562,20.48290252685547,112.41028594970703,0.5307251214981079,13.69614315032959,5.674798965454102,14.825241088867188,5.675045013427734,2.059856414794922,6.479122161865234,0.15161704999627545,37,se3_log_map,0.5871973037719727,1.816444754600525,-0.6827887296676636,-0.7002784609794617,241.51812744140625,179.29063415527344,-55.79793930053711
-0.8278573155403137,0.1490681767463684,1.8824620246887207,246.49281311035156,20.319534301757812,112.60936737060547,0.5302621722221375,13.83846664428711,5.484437465667725,14.885641098022461,5.484674453735352,1.764493465423584,6.441230297088623,0.1536564630077919,37,se3_log_map,0.584814190864563,1.816775918006897,-0.6829833388328552,-0.7003234624862671,241.4735107421875,179.3395538330078,-55.494388580322266
-0.8279687166213989,0.14900235831737518,1.8824740648269653,246.48329162597656,20.271522521972656,112.65924072265625,0.5301201343536377,13.830374717712402,5.430596351623535,14.858356475830078,5.4308390617370605,1.7477277517318726,6.412067413330078,0.14986846200190485,37,se3_log_map,0.5854430794715881,1.8167380094528198,-0.6831356883049011,-0.7003337144851685,241.50140380859375,179.34799194335938,-55.43437194824219
-0.828109860420227,0.14885041117668152,1.8821384906768799,246.6153564453125,20.337310791015625,112.63915252685547,0.5305121541023254,13.692316055297852,5.436443328857422,14.732091903686523,5.436668395996094,1.9545871019363403,6.378171443939209,0.14788813500490505,37,se3_log_map,0.5845992565155029,1.816344141960144,-0.6832095980644226,-0.7003633975982666,241.59124755859375,179.3922119140625,-55.549766540527344
-0.8280968070030212,0.1486373245716095,1.8816721439361572,246.6997528076172,20.426986694335938,112.53362274169922,0.5306776762008667,13.472761154174805,5.540687561035156,14.567587852478027,5.540919303894043,2.1137096881866455,6.367903232574463,0.1564408810081659,37,se3_log_map,0.5877981781959534,1.8158440589904785,-0.6831143498420715,-0.7002645134925842,241.61236572265625,179.34559631347656,-55.684993743896484
-0.8279842734336853,0.14844925701618195,1.8812816143035889,246.67527770996094,20.48851776123047,112.43553161621094,0.5304074287414551,13.272268295288086,5.650668144226074,14.425091743469238,5.650896072387695,2.140460729598999,6.372252941131592,0.15436371098621748,37,se3_log_map,0.5879730582237244,1.8154449462890625,-0.6829438805580139,-0.700105607509613,241.54957580566406,179.25979614257812,-55.735198974609375
-0.8279324769973755,0.14832577109336853,1.8811674118041992,246.59280395507812,20.482261657714844,112.42186737060547,0.5303411483764648,13.183550834655762,5.675838947296143,14.35344123840332,5.676063537597656,2.059741258621216,6.365137100219727,0.22793601000739727,37,se3_log_map,0.5875824093818665,1.8153074979782104,-0.6829189658164978,-0.6999836564064026,241.4822998046875,179.20391845703125,-55.68368148803711
-0.828050971031189,0.1482521891593933,1.8812673091888428,246.54148864746094,20.434654235839844,112.49818420410156,0.5304650664329529,13.19787311553955,5.60222864151001,14.337675094604492,5.602446556091309,1.98680579662323,6.332329273223877,0.148990193993086,37,se3_log_map,0.5873730182647705,1.8153456449508667,-0.6831232905387878,-0.699971616268158,241.4794921875,179.2255859375,-55.598751068115234
-0.8283505439758301,0.1482548862695694,1.881554365158081,246.53884887695312,20.342620849609375,112.70496368408203,0.5306450128555298,13.321743965148926,5.386845111846924,14.369657516479492,5.3870625495910645,1.9468613862991333,6.263031005859375,0.151824526998098,37,se3_log_map,0.5855680704116821,1.8155407905578613,-0.6835389137268066,-0.7001070380210876,241.56529235839844,179.3702850341797,-55.4569206237793
-0.8285481929779053,0.14820028841495514,1.8816869258880615,246.53985595703125,20.284088134765625,112.81494140625,0.38389983773231506,13.36624526977539,5.270718574523926,14.367918968200684,5.270938396453857,1.948266625404358,6.216409683227539,0.0,37,se3_log_map,0.5848400592803955,0.0,0.0,0.0,0.0,0.0,0.0
